-3548.98 -2481.82 -4011.42 -4207.19 -4350.91 -2276.92 -3756.53 -4100.50 -2773.45 -4082.93
-4985.24 -3054.02 -4346.51 -4718.54 -3728.49 -1678.46 -2159.19 -4131.16 -2048.20 -3612.55
-5599.44 -3427.74 -3816.57 -4751.21 -5465.25 -6.86 -3367.46 -3740.77 -1728.48 -463.09
-5450.87 -3615.78 -4345.62 -4994.69 -4570.07 -2931.76 -2279.06 -3724.79 -1973.38 -2230.26
-4444.28 -3234.69 -4034.02 -1897.17 -2727.42 -1364.45 -2419.83 -2456.28 -2211.67 -2345.20
-5583.23 -3576.69 -3769.81 -17.92 -5370.84 -2098.16 -4084.83 -3409.64 -2119.34 -2325.85
-5199.19 -2794.81 -4496.14 -1541.48 -5440.79 -621.13 -2507.41 -2909.66 -3330.71 -1431.54
-5539.40 -2721.26 -3918.45 -4776.72 -5226.25 -2505.21 -3489.86 -3530.66 -2669.51 -1667.44
-2290.23 -1608.31 -2061.26 -4660.20 -4584.67 -1390.16 -2275.91 -3756.00 -2438.71 -963.13
-5598.84 -3065.04 -3680.14 -4312.99 -5088.43 -1146.03 -3664.62 -2428.32 -2214.27 -713.46
-5237.78 -2121.57 -3818.47 -5243.58 -5170.16 -1629.84 -2004.91 -286.90 -2484.80 -1843.61
-5333.05 -3035.68 -3911.82 -4986.63 -5043.04 -1510.60 -818.26 -3721.34 -1909.29 -475.97
-5334.66 -3130.49 -4057.49 -2837.02 -4827.65 -1061.31 -2109.70 -3036.34 -1582.87 -4854.01
-5336.49 -3221.12 -4380.00 -5065.40 -2071.85 -2463.18 -188.22 -4295.68 -2292.45 -344.09
-5277.52 -3524.86 -2662.80 -4960.15 -4522.26 -2220.54 -5210.95 -2765.83 -2198.42 -5113.28
-2893.07 -3416.18 -2285.01 -2528.69 -3379.85 -1094.54 -1206.96 -4224.75 -2447.13 -525.53
-3837.32 -5643.08 -3651.04 -5018.58 -5290.79 -1294.96 -5689.28 -1133.50 -5183.08 -2376.09
-5192.72 -2577.51 -3197.41 -4387.42 -5316.29 -1418.99 -2184.04 -3830.89 -2503.95 -54.54
-2532.28 -2714.00 -669.66 -4382.83 -5041.30 -1560.21 -1313.30 -3851.56 -2583.07 6.54
-583.92 -802.61 -4312.04 -3738.63 -5464.67 -2805.84 -694.71 -3734.58 -2103.14 -1.34
-5492.05 -5789.09 -3799.30 -4928.17 -5359.94 -725.14 -5789.15 -3948.69 -5216.25 -4091.46
-5435.61 -2949.37 -1640.87 -4839.37 -5109.74 -109.81 -5756.34 -3350.84 -5284.36 -1131.84
-5478.08 -1204.96 -4448.85 -4899.93 -2450.50 -1399.43 -685.09 -3819.72 -1895.17 -744.87
-4908.04 -2102.86 -1301.78 -4866.47 -5406.20 -415.82 -5584.66 -3853.96 -5248.87 8.54
-5404.77 -2126.85 -3758.11 -4901.70 -5361.72 -1905.51 -5772.26 -3494.45 -5246.04 -4091.10
-5536.50 -2722.03 -3899.93 -3928.02 -1932.24 -2162.31 -1565.89 -4188.83 -626.84 -239.74
-2224.73 -2188.28 -4253.71 -4629.54 -4466.89 -1224.03 -943.12 -4291.79 -2818.74 -1213.15
-5332.44 -2358.41 -4065.80 -4868.47 -5154.10 -2024.29 -624.71 -1885.10 -3017.92 -1880.58
-5483.44 -843.91 -3543.97 -4796.38 -5372.73 -1659.21 -915.83 -3958.10 -887.70 -1.93
-4934.30 -5760.63 -4348.92 -4788.25 -3887.00 -1487.37 -5746.78 -4287.18 -4961.53 -4515.79
-1063.22 -1052.58 -3345.00 -4985.26 -5418.51 -1352.48 -1549.93 -1045.34 -3437.89 -1193.52
-644.46 -3397.18 -2419.23 -2600.04 -5447.97 -2060.17 -651.36 -4289.25 -1782.05 -2886.77
-805.45 -5760.46 -18.20 -5017.77 -5288.86 -1970.24 -5758.93 -4146.98 -5201.73 -3943.21
-5270.13 -395.92 -8.98 -4542.38 -5464.88 -5.93 -977.10 -4194.71 -1378.55 -491.65
-1054.80 -1294.58 -2226.72 -1765.24 -856.78 0.00 0.00 0.00 0.00 0.00
