0.34 -111.01 -23.05 -218.87 -42.82
0.13 0.46 0.71 -238.03 -0.04
-53.47 -312.97 -89.05 -83.54 -32.57
-333.99 -89.73 -340.96 0.56 0.85
-315.01 0.50 -285.01 -78.86 -305.99
-112.73 1.02 -187.87 -251.01 -40.73
0.73 -148.81 -321.94 0.45 -398.00
-143.76 0.28 0.47 0.73 -258.01
-300.01 0.17 -215.03 -0.07 0.74
-6.71 0.19 0.31 -13.68 -44.05
-0.08 -350.90 -27.70 -227.56 -346.90
-264.01 0.16 -296.03 0.24 0.79
-0.03 -293.02 -172.02 -0.03 -306.53
0.61 1.06 -4.33 0.33 0.62
0.84 -339.01 0.36 -247.95 0.75
-50.63 -259.92 -39.03 0.24 -19.52
-148.97 0.34 -340.01 -382.99 -189.96
0.44 -172.81 -136.72 -5.94 0.49
1.04 -310.96 0.29 -63.95 -312.02
0.20 -84.98 -250.02 0.22 -64.06
-229.85 -48.70 -66.24 -46.40 -29.72
-0.05 0.18 -85.86 -326.00 0.80
0.80 0.36 -222.96 -20.07 0.22
-321.00 -96.66 1.09 -3.86 0.05
-158.89 -146.81 -332.02 0.07 -96.85
0.32 -63.25 0.33 0.48 0.14
-0.06 -346.01 0.51 -243.90 0.57
-186.84 -21.63 0.12 -296.03 0.61
-162.05 -30.04 -0.06 0.10 -0.56
-166.99 -302.03 -167.03 -378.98 0.60
0.31 0.42 0.28 -350.99 -49.89
-37.59 -247.80 -400.00 -262.89 0.77
-176.05 -369.99 0.80 -390.00 -391.00
-30.68 0.83 -164.05 -186.85 -173.85
-155.05 -232.93 -225.04 0.27 -155.02
0.46 -77.81 -201.04 -0.20 -106.03
-230.85 0.75 0.34 1.10 -66.68
-85.75 -0.08 -0.03 0.90 0.39
-164.83 0.81 -123.06 -398.00 -400.00
-65.07 0.27 -4.51 0.95 0.61
1.03 1.11 -105.67 -382.00 -127.77
-22.55 0.48 -279.01 0.23 0.32
-287.02 -49.07 0.63 -7.68 -374.00
-212.51 -211.92 0.74 0.20 -317.02
0.18 -0.07 -0.05 0.22 -0.11
0.20 0.20 0.14 0.33 0.22
-0.06 -0.08 0.24 -0.07 -0.06
-0.10 -0.07 0.00 0.17 -0.09
0.22 -0.06 0.11 -0.06 0.08
0.01 0.32 0.09 -0.07 -0.04
-0.02 0.59 -0.09 -156.83 0.29
-369.01 -370.00 -117.74 -99.53 0.36
0.31 -90.84 -0.84 -78.43 -277.99
-13.47 0.41 0.40 -108.84 -0.03
-106.04 0.09 -273.03 -171.02 0.24
0.26 -0.01 -208.98 -400.00 -197.95
-312.99 -0.08 -239.04 0.55 -151.91
0.47 -175.83 -320.99 -342.95 0.77
-289.88 -386.00 -157.04 -390.00 -333.00
-330.00 -258.01 0.52 -264.03 -163.85
-70.91 -52.51 -305.94 -188.03 -200.96
0.27 0.26 -107.63 -189.91 -328.02
-278.02 -277.03 -200.91 0.00 -189.88
-270.00 0.22 0.59 -5.86 -22.79
-79.88 -288.96 -210.91 -289.96 0.17
-53.00 -358.01 -55.05 -211.94 -26.61
-126.84 -187.88 -352.98 -278.93 0.11
-182.77 0.36 -304.03 -126.79 -397.02
-372.01 1.17 -45.95 -49.03 -199.00
-236.86 -64.02 0.81 -312.93 -193.87
-174.93 -0.05 -245.67 -147.96 -238.91
-39.56 -383.00 -393.00 -295.84 -302.95
-266.88 -134.86 0.03 -310.93 0.65
-319.93 -197.77 -196.54 -287.90 -223.92
-322.96 -336.01 -287.95 -381.00 -237.91
-357.98 -229.00 -229.93 -344.97 -226.01
-280.94 -173.77 -268.02 0.31 -202.89
-360.99 0.81 -31.88 -188.04 -367.99
-220.03 -192.31 -257.96 -168.77 -191.40
0.28 0.35 -18.92 -17.70 -276.96
-61.48 1.05 -0.04 0.34 -398.00
-255.03 -258.91 -103.06 -86.05 -0.00
-65.78 -184.98 -6.82 -234.86 -306.01
-140.80 -124.93 -198.91 -23.46 0.51
-259.89 -307.02 -284.03 -47.04 -84.95
0.44 -126.05 -61.60 -306.94 -127.37
-134.96 -116.07 -127.05 -145.02 -189.01
0.41 -147.03 0.22 -19.58 -233.03
-213.95 -356.98 -283.99 -179.04 0.38
-82.79 -360.00 0.44 0.67 0.63
-207.74 0.20 0.73 -284.98 -367.98
-266.69 -323.97 -273.04 0.47 -262.02
-334.98 -136.03 -198.02 0.60 0.71
-125.82 -260.99 -244.94 -37.97 0.29
-123.05 -35.02 -13.71 -340.01 -21.84
-93.52 -169.83 0.78 -50.73 -366.98
-237.92 -233.93 0.13 0.56 -250.90
1.17 1.01 -86.95 -203.84 -0.09
-263.01 -345.00 -267.76 -162.83 -363.94
4.84 0.51 -267.96 -184.88 -141.89
0.66 -400.00 0.39 -147.76 -182.05
-290.92 0.74 -220.01 -165.54 0.26
-111.05 -23.01 0.82 0.99 0.10
-324.01 -209.05 0.53 -114.04 -249.83
-248.96 0.20 0.66 -376.00 0.12
-0.09 -0.10 -52.07 0.36 -0.05
0.15 0.04 0.33 0.24 0.27
-0.02 0.11 0.40 0.12 -0.08
-0.04 -0.01 0.18 -0.04 -0.02
-0.03 0.05 -0.08 -0.03 0.02
0.31 0.30 0.09 0.37 0.03
-0.06 0.13 0.16 0.08 0.16
0.37 -0.07 0.23 0.15 0.05
-0.06 0.29 0.39 0.08 0.35
0.36 0.19 0.17 0.33 0.17
-0.03 0.16 -0.08 0.17 -0.05
-0.05 -0.05 0.21 -0.08 -0.04
0.09 0.18 -0.06 0.16 -0.08
0.24 -0.05 0.11 0.10 0.11
0.20 0.29 0.28 0.16 -0.08
-12.66 0.27 -0.10 -0.09 -13.79
0.26 -0.02 0.10 -0.08 0.16
-0.03 0.10 -0.07 -0.09 0.00
0.34 0.33 -0.09 0.30 -0.04
0.14 0.18 0.08 -0.10 0.32
-0.12 -0.02 -0.03 -0.02 0.26
-0.00 -0.08 0.25 0.08 0.21
0.19 -0.10 -0.10 0.14 0.14
-0.06 0.31 0.03 0.07 -0.04
0.08 0.36 0.34 0.15 0.09
0.08 -0.01 0.12 -0.05 0.04
0.31 0.16 0.12 0.17 0.07
0.02 0.21 0.08 0.39 -0.03
0.09 0.03 0.05 0.25 -0.08
-0.06 0.20 -0.04 0.16 -0.01
-0.01 0.51 -0.07 0.05 0.20
0.44 0.42 0.02 -0.02 0.22
0.07 -0.09 0.27 0.29 0.03
-0.06 0.27 -0.08 0.29 0.39
-0.02 -0.10 -0.04 -0.03 0.08
0.31 0.10 0.31 0.10 0.08
0.09 -0.10 0.28 0.00 0.23
-0.04 -0.08 0.08 0.12 0.49
0.08 0.11 0.45 0.16 0.01
0.01 0.48 0.13 -0.03 -0.03
0.06 -0.06 0.02 0.05 -0.04
0.21 -0.07 -0.01 -0.08 -0.04
-0.04 -0.02 -0.08 -0.05 0.03
0.20 0.45 -0.08 -0.02 0.13
-116.06 -245.95 0.55 -124.90 -364.01
-141.83 -325.96 -219.03 -248.82 -106.04
0.18 -0.05 -290.95 0.35 -256.91
-251.72 0.85 -9.96 -262.02 -103.64
-247.85 3.78 -140.58 -170.81 -19.56
-134.02 -17.07 0.50 -150.00 -269.99
-176.87 -204.02 -391.00 -375.00 -261.92
-350.99 -250.03 -115.69 -88.76 0.18
-122.07 0.57 -359.95 -295.95 0.68
-361.97 -167.60 -148.95 -248.01 -204.05
-197.82 -241.02 -221.86 1.03 -124.72
-115.83 -105.39 -112.94 -26.49 -158.97
-181.88 -359.96 -346.99 -300.03 -125.05
0.23 -321.01 -200.76 -156.50 -231.03
0.34 -1.33 -310.92 -57.96 0.26
-3.08 -115.63 -141.05 -384.00 -78.73
-246.56 -359.01 -220.95 -160.98 -392.00
-293.03 -210.86 -220.89 -15.55 -344.02
0.36 -353.01 -327.99 -332.97 -60.81
0.50 0.30 -385.00 0.61 -208.76
0.64 -292.00 -267.01 -365.01 -387.00
-294.98 -60.10 -22.01 -84.42 -349.97
-383.99 -162.03 -325.02 -0.04 -1.01
-57.86 1.03 -316.02 -207.03 -291.94
-261.79 -177.98 -152.05 -220.86 -338.01
0.32 -368.01 0.13 -25.49 -274.71
-353.97 -269.93 -239.78 -249.02 -152.80
-65.76 -334.02 1.03 -230.02 0.54
-390.00 -270.04 -251.04 0.35 -357.00
-313.02 -330.01 -226.79 -261.93 0.31
-38.07 -44.08 0.62 -207.85 -40.60
-265.01 -400.00 -199.05 -181.77 0.41
-366.98 0.43 -42.49 -240.02 -225.00
0.29 0.46 -282.03 -358.97 -151.88
-60.69 -270.90 -252.99 -291.03 -359.01
-126.94 -0.04 -124.05 -370.99 -264.94
-167.03 -329.02 -376.00 -284.99 -323.94
-392.00 -70.96 -290.98 0.52 -264.96
-210.47 -400.00 -0.02 -256.96 -182.97
0.73 -112.70 -26.80 -237.75 -192.05
-2.40 -296.03 -11.12 -55.04 -224.84
-231.05 -312.02 -81.52 0.56 -284.90
-346.01 -243.80 -300.99 -157.04 -219.95
-315.00 -108.51 -82.07 -185.04 -14.04
0.21 0.39 -6.07 -108.05 -34.23
-354.97 -225.57 -146.78 -221.86 -311.01
-59.26 -236.87 -46.51 -362.99 -124.92
-371.01 0.58 -178.77 -375.99 -44.40
0.45 -371.98 -355.01 -334.01 -375.98
-217.98 0.34 -124.55 -400.00 -394.00
-328.02 -59.67 -32.59 -4.90 0.41
-163.03 -207.64 -203.64 -352.01 -152.56
-118.91 -44.84 -79.60 0.23 -52.69
-336.02 -26.04 -152.06 -353.99 0.58
-94.50 -201.96 -196.74 -357.01 -222.98
-229.02 0.76 0.33 -259.03 -15.78
-45.10 -109.06 -51.96 -97.77 -315.01
-326.02 -82.80 -313.89 -0.05 -306.00
-355.99 0.50 -96.77 -98.80 -239.66
0.12 -255.04 -83.04 0.20 -333.95
-379.00 -72.04 0.63 -205.86 -192.51
-136.85 -169.80 0.03 -55.96 -139.83
-380.00 0.37 -345.02 -120.52 -213.03
-385.00 -236.95 -183.59 0.13 -200.79
-355.01 -288.75 -0.06 -211.84 0.09
-257.77 0.05 -303.94 -261.01 0.43
-217.06 0.64 0.49 -269.96 -311.90
0.33 0.23 -205.87 -265.89 0.47
-372.01 -104.58 -270.95 -222.82 -255.04
-314.94 0.26 -289.94 -190.81 -32.56
-16.50 -12.51 -305.02 0.36 -0.01
-81.18 -128.53 -292.94 -177.94 -35.70
-16.83 0.51 -345.91 -159.44 -305.96
-255.98 -144.81 -69.75 -339.01 -214.57
-17.06 -294.02 -390.00 0.76 0.20
-269.98 -303.93 -244.02 0.52 -235.71
-70.89 -224.72 0.19 -292.94 -54.04
-148.05 0.12 -45.96 -145.79 -390.99
-328.01 -270.96 -3.33 -236.04 -42.80
-165.86 0.44 -378.01 -345.99 -0.08
-328.02 -299.98 -228.90 -0.10 -386.99
-180.74 -248.89 -11.05 0.74 -366.97
0.83 -271.98 0.75 -387.99 -154.04
-299.97 -212.05 0.25 -306.96 -65.64
-241.74 -326.99 -335.01 0.70 -314.01
-205.98 0.35 -34.91 0.65 -350.01
-0.00 -374.00 -38.76 0.44 -343.00
-307.92 -114.89 -94.03 -128.35 -387.00
0.70 -264.04 -353.98 -0.06 -240.75
-323.02 -70.66 0.82 -80.23 -240.94
-276.01 -2.40 -62.79 0.01 0.18
-62.36 -24.52 -308.97 -241.02 0.49
0.15 -47.60 1.19 0.02 -17.94
-362.00 -367.98 0.81 -400.00 -33.64
-156.03 1.12 -328.99 -235.95 0.25
-374.96 0.34 -325.92 -122.70 0.45
-379.01 0.04 -118.03 0.28 0.23
0.70 -60.03 -354.01 -91.73 -153.71
0.02 -197.76 -29.66 -302.04 -188.41
-187.55 -196.95 -108.93 -0.06 -106.80
