-297.55 -168.21 -346.63 -220.31 -111.95 -165.34 -306.55 -265.51
-124.89 -323.44 -214.36 -336.60 -66.25 -334.73 -165.30 -130.26
-345.69 -224.28 -232.43 -102.48 -241.30 -97.25 -276.44 -318.72
-131.26 -253.32 -57.84 -326.46 -331.73 -255.95 -141.92 0.90
-342.72 -190.23 -62.99 -94.42 -295.66 -105.07 -242.39 -148.97
-334.76 -270.56 -137.32 -182.18 -259.40 -277.50 -208.32 -283.46
-191.02 -140.85 -145.32 -152.23 -56.14 -311.65 -254.35 -197.26
-140.00 -313.46 -254.28 -214.26 -215.18 -353.81 -86.24 -116.97
-352.83 -342.76 -190.28 -30.95 -303.66 -109.97 -155.31 -207.13
-259.47 -228.43 -117.06 -257.20 -260.52 -255.37 -262.37 -300.61
-206.25 -283.63 -216.39 -67.23 -310.67 -172.92 -123.25 -43.09
-256.52 -365.88 -86.90 -208.25 -21.77 -265.53 -325.76 -319.65
-179.15 -318.51 -191.41 -98.39 -252.33 -202.07 -227.29 -313.66
-168.20 -323.43 -42.79 -92.26 -178.26 -322.52 -198.28 -365.91
-157.30 -281.65 -263.49 -289.51 -356.86 -240.44 -257.44 -372.93
-334.51 -191.30 -89.00 -292.69 -304.62 -61.92 -204.19 -130.29
-206.27 -386.94 -209.31 -368.90 -261.37 -194.31 -241.22 -159.02
-327.57 -294.54 -215.41 -18.76 -178.41 -197.35 -247.55 -278.57
-328.64 -153.29 -17.88 -72.85 -298.60 -196.24 -251.41 -227.46
-235.28 -52.82 -216.34 -283.40 -303.65 -251.48 -326.46 -109.81
-301.36 -190.24 -249.33 -259.37 -81.84 -317.45 -203.23 -290.41
-135.82 -58.28 -99.86 -299.67 -180.90 -229.21 -157.95 -171.30
-145.07 -29.82 -256.37 -289.61 -171.12 -183.06 -280.38 0.77
-258.45 -214.40 -277.34 -292.53 -321.71 -192.29 -301.63 -128.30
-89.28 -239.33 -158.08 -222.31 -275.61 -374.89 -236.25 -188.23
-193.15 -185.87 -183.41 -225.20 -332.74 -246.56 -169.11 -252.28
-16.87 -124.41 -49.99 -227.19 -306.48 -88.89 -368.88 -127.36
-269.27 -204.36 0.73 -166.15 -122.97 -198.24 -299.33 -231.37
-176.36 -342.61 -44.29 -33.34 -235.37 -146.43 -304.66 -293.66
-51.95 -266.57 -110.09 -240.27 -160.16 -272.50 -202.32 -90.80
-212.41 -270.52 -248.42 -306.73 -354.65 -195.45 -266.51 -314.69
-249.57 -126.34 0.59 -316.48 -171.21 -320.59 -313.71 -351.86
-224.37 -282.30 -224.35 -151.51 -24.90 -296.55 -194.28 -118.34
-76.98 -302.57 -98.35 -222.43 -187.29 -189.41 -293.57 -303.69
-368.76 -93.33 -38.96 -271.46 -275.36 -251.40 -300.52 -172.14
-114.29 -364.61 -230.44 -247.49 -227.41 -307.61 -161.34 -252.48
-261.80 -266.35 -296.59 -103.35 -196.17 -43.84 -373.90 -87.98
-241.56 -257.36 -180.97 -167.22 -331.76 -273.57 -351.77 -333.76
-226.42 -325.44 -283.42 -100.37 -286.34 -236.45 -269.37 -303.64
-179.17 -336.77 -110.25 -303.40 -264.47 -61.79 -241.36 -224.38
-129.24 -106.85 -126.38 -204.23 -175.27 -306.44 -141.97 -143.35
-112.00 -229.43 1.17 -327.53 -245.34 -141.24 -34.23 -323.74
-239.48 -335.77 -246.43 -320.45 -310.66 -251.46 -216.33 -17.20
-36.87 -296.48 -286.63 -278.40 -215.41 -252.46 -255.40 -322.76
-279.58 -42.03 -251.30 -106.21 -235.37 -307.50 -229.39 -284.49
-209.30 -142.28 -296.60 -51.35 -333.67 -224.40 -292.53 -271.22
-338.74 -160.16 -174.38 -117.28 -196.21 -218.30 -127.33 -121.97
-243.43 -234.32 -228.40 -202.41 -286.53 -253.56 -246.35 -211.32
-374.93 -232.49 0.79 -306.49 -231.39 -348.64 -122.97 -367.90
-128.84 -283.60 -173.31 -293.55 -358.87 -192.18 -333.65 -28.75
-308.36 -170.44 -237.57 -155.41 -350.84 -236.48 -297.40 -99.92
-220.28 -193.30 -261.59 -232.44 -254.53 -228.39 -303.69 -104.23
-162.39 -313.71 -295.63 -367.90 -187.31 -307.47 -278.58 -142.34
-200.12 -223.07 -81.91 -231.24 -232.24 -146.27 -165.28 -164.39
-267.60 -118.90 -189.35 -169.33 -351.71 -200.39 -216.16 -64.82
-235.45 -207.47 -271.82 -92.14 -125.88 -183.20 -197.48 -167.11
-117.25 -181.07 -75.37 -367.90 -150.01 -245.36 -93.82 -101.92
-194.41 -71.26 -84.42 -217.22 -6.10 -82.34 -123.94 -158.34
-286.37 -168.26 -25.38 -263.30 -175.32 -141.98 -228.32 -219.44
-226.44 -241.51 -65.28 -115.37 -270.52 -328.60 -281.22 -149.23
-275.61 -241.46 -138.31 -202.32 -251.48 -274.41 -236.31 -258.38
-284.51 -286.73 -163.32 -158.41 -295.64 -349.83 -312.50 -268.52
-114.91 -207.51 -210.29 -138.24 -258.40 -188.31 -183.10 -24.10
-102.25 -207.44 -285.76 -268.37 -177.44 -175.46 -208.41 -239.44
-248.52 -109.34 -103.41 -207.35 -346.81 -192.31 -217.35 -258.43
-195.39 -274.64 -25.27 -383.95 -50.28 -93.23 -154.44 -297.64
-180.03 -150.17 -182.30 -62.29 -304.66 -222.52 -176.47 -59.87
-344.77 -120.40 -67.37 -62.23 -27.17 -106.41 -367.89 -276.59
-324.74 -356.78 -181.42 -64.29 -63.33 -149.44 -100.36 -155.44
-155.29 -190.47 -195.50 -78.29 -124.31 -85.43 -203.48 -145.02
-326.74 -99.38 -66.28 -58.30 -92.37 -135.96 -100.40 -212.39
-248.45 -241.50 -75.36 -307.75 -256.52 -352.85 -102.88 -54.34
-141.38 -227.18 -240.63 0.72 -301.65 -335.78 -358.85 -285.64
-348.84 -236.52 -149.44 -102.93 -295.64 -343.79 -238.53 -122.33
-132.36 -190.38 -347.85 -62.35 -196.30 -146.47 -189.47 -33.21
-360.71 -335.79 -309.76 -300.68 -145.38 -275.48 -195.49 -261.57
-347.82 -374.91 -49.33 -310.70 -334.78 -1.18 -275.54 -66.28
-84.29 -189.46 -138.37 -104.39 -308.71 -370.91 -358.88 -201.43
-365.82 -152.46 -362.92 -310.74 -65.33 -121.39 -221.51 -70.30
-140.39 -355.84 -289.82 -304.72 -341.74 -68.14 -199.17 -53.26
-82.30 -364.72 -108.40 -57.85 -306.68 -358.85 -156.42 -217.46
-369.89 -375.91 -94.42 -40.23 -291.62 -366.88 -223.17 -291.64
-145.35 -248.45 0.64 -300.77 -293.62 -345.81 -212.48 -314.75
-53.25 -374.91 -67.07 -293.64 -61.32 -274.49 -338.69 -273.55
-316.53 -383.95 -329.88 -264.69 -320.73 -156.48 -133.46 -317.71
-195.44 -199.45 -124.32 -95.33 -313.76 -369.90 -358.85 -337.80
-353.87 -370.91 -339.84 0.58 -315.73 -374.93 1.28 -288.50
-95.30 -280.57 0.71 -160.40 -295.70 -348.84 -373.91 -302.72
-287.63 -365.87 -173.43 -300.68 -341.87 -263.53 -332.77 -328.76
-145.41 -330.77 -325.86 0.54 -93.32 -144.44 -377.93 -350.88
-167.39 -332.60 -339.90 -342.86 -361.89 -183.49 -297.55 -255.46
-357.84 -46.31 0.70 -320.88 -356.92 -198.50 -379.94 -316.77
-328.78 -383.95 -335.85 -157.62 -353.88 -368.91 -237.53 -308.82
-343.83 -383.95 -87.41 -330.83 -304.69 -355.87 -367.91 -334.80
-172.41 -223.47 -87.42 -297.82 -276.60 -365.91 -370.90 -357.87
-332.80 -377.92 -114.43 -33.30 -332.82 -263.55 -378.94 -360.88
-370.91 -368.89 -39.37 -343.89 -310.81 -379.94 -377.95 -311.77
-371.89 -224.53 -364.92 -292.71 -347.87 -284.56 -376.93 -348.85
-328.79 -386.96 -7.50 -321.80 -315.78 -373.93 -356.84 -339.82
-377.92 -372.90 -258.71 -237.73 -348.85 -360.87 -375.93 -323.78
-333.81 -378.92 -333.82 -317.74 -319.80 -324.60 -211.51 -344.89
-277.45 -171.47 -296.85 -293.73 -324.89 -197.48 -366.91 -334.81
-368.85 -330.75 -253.85 -95.34 -310.53 -229.53 -376.93 -357.91
-294.47 -252.54 -368.94 -320.81 -359.91 -208.53 -382.95 -310.76
-361.90 -382.94 0.70 -326.89 -313.79 -377.94 -274.54 -275.48
-347.90 -286.57 -375.95 -352.90 -321.85 -382.95 -369.90 -317.86
-354.88 -350.83 -17.33 -298.86 -344.90 -351.85 -65.37 -331.86
-363.92 -245.55 -290.87 -311.88 -344.88 -367.89 -381.95 -124.74
-368.91 -367.90 -177.58 -338.83 -355.90 -383.95 -373.92 -346.85
-310.72 -388.97 -332.90 -301.87 -350.88 -375.94 -380.95 -340.87
-351.92 -345.81 -344.92 -320.88 -346.92 -375.92 -375.92 -333.89
-338.84 -387.96 -375.95 -246.81 -360.91 -381.95 -383.95 -333.85
-360.89 -388.97 -368.94 -343.89 -370.92 -347.84 -383.96 -349.88
-347.92 -381.94 0.59 -301.86 -366.93 -361.89 -379.95 -344.89
-359.90 -389.97 0.55 -331.90 -239.82 -379.95 -371.92 -332.90
-369.94 -372.91 -369.93 -347.91 -347.91 -383.96 -383.96 -325.89
-341.90 -375.92 -361.92 -311.88 -350.89 -375.93 -373.92 -331.90
-362.91 -388.96 -373.93 -321.90 -350.91 -382.95 -381.95 -345.87
-362.92 -385.96 -374.95 -341.90 -360.92 -378.96 -374.94 -324.89
-363.92 -386.96 -345.91 -233.82 -348.92 -365.90 -354.86 -341.90
