-1876.54 -2182.17 -2121.43 -2501.13 -2747.23
-1013.90 -1443.89 -1064.67 -1447.43 -2656.81
-2594.80 -1561.98 -2065.84 -2593.23 -2478.42
-657.93 -1265.06 -2174.27 -1321.13 -1546.91
-1573.89 -2523.81 -1943.53 -1972.93 -1369.76
-712.97 -1527.17 -1017.75 -1911.58 -2672.77
-2584.54 -2688.83 -2745.95 -892.99 -1573.85
-673.36 -1902.70 -1689.65 -2009.12 -1321.25
-1288.69 -2688.62 -11.75 -1690.47 -2346.89
-1707.69 -2043.98 -964.36 -2718.45 -1676.22
-2762.53 -915.27 -120.50 -2120.45 -1912.46
-1618.60 -972.79 -795.05 2.17 -2479.82
-1758.07 -2531.56 -2524.74 -1875.58 -2344.91
-1171.60 -2553.20 -819.04 -2524.35 -1947.78
-1581.23 -1578.55 -1416.32 -1626.84 -845.72
-1714.67 -1886.56 -1474.25 -2526.89 -415.50
-736.04 -1669.21 -1902.90 -1371.86 -1209.92
-2513.66 -1336.18 -1851.70 -2525.15 -2568.10
-2450.29 -880.28 -1683.49 -1140.77 -1112.11
-1704.31 -1916.29 -1218.94 -1538.55 -2686.24
5.93 -2806.51 -1490.80 -1837.22 -2732.47
-2077.59 -1759.99 -1950.71 -1079.35 -466.63
-2737.57 -2451.33 -1645.30 -1495.47 -2626.98
-2170.41 -2239.53 -2224.60 -1914.44 -694.52
-276.00 -1807.83 -2626.22 -2285.00 -2581.79
-1388.98 -1756.67 -815.94 -1481.10 -1308.63
-1299.69 -347.59 -1040.78 -2535.72 -729.13
-1342.53 -2851.83 -1220.07 -1542.46 -1323.81
-1058.82 -1902.53 -2350.69 -800.13 -548.73
3.63 -677.92 -910.38 -1454.58 -2553.96
-1028.55 -2221.31 -657.97 -1553.92 -1451.69
-2791.61 -1939.71 -1336.84 -2881.08 -1016.95
-821.11 -1659.32 -953.98 -549.50 -2687.60
-2.98 -2539.99 -2108.09 4.97 -2440.01
-1799.49 -2731.25 -1321.59 -2777.03 -571.75
-1107.31 -136.41 -1114.06 3.48 -1610.00
-2064.02 -313.14 -154.07 -1367.72 -1068.11
-2340.10 -1405.68 -423.84 -2464.75 -17.33
-334.36 -2633.77 -1987.82 0.33 1.60
-1571.81 -1573.90 -1904.06 -2021.00 -2777.36
-2122.69 -1339.90 -1514.64 -19.33 -1601.59
-1111.44 -1232.90 -1899.64 -1949.64 -43.57
-1493.81 -12.22 -562.25 -2065.58 -2228.71
-2301.02 -2179.84 -1670.14 -2302.24 -1719.34
-900.84 -2239.14 -990.29 -1373.23 -1665.92
-879.63 -1126.04 -2071.01 -1683.07 -723.44
-345.20 -2180.50 -581.20 -1.50 -1897.35
-2153.36 -704.21 -7.42 11.06 -898.38
-928.19 -1218.33 -258.87 -2776.81 -1439.89
-7.17 -279.74 -419.32 -376.81 -674.39
-31.16 -908.81 -1109.16 -1016.82 -964.46
-1359.42 -2733.91 -2795.49 -1276.14 -2733.60
-690.30 -12.85 -439.51 -2671.74 -2314.00
-6.55 -2761.67 -161.57 -1644.36 -814.73
2.15 -2219.78 -610.88 -1915.41 -8.37
-1676.66 -262.61 -485.38 -1324.94 -1209.57
-2673.38 -8.91 -158.42 -12.41 -333.99
-249.72 -2881.42 -771.31 -331.16 -2331.13
-716.69 -818.50 -1436.01 -500.26 -1644.41
-1204.98 -1400.63 -1411.24 -1586.68 -549.15
-1617.12 -2017.59 -2197.43 -143.52 5.05
-782.37 -27.28 -253.14 -152.95 -1662.75
-2327.49 -2629.42 -2823.00 -2717.75 -2309.26
-871.75 -4.86 -2836.99 -295.05 -2405.57
-685.60 -505.65 -615.59 -1035.97 -1656.43
-497.27 -154.76 -238.01 -223.63 -137.82
-2836.84 -2834.49 -1347.52 -913.26 -1503.60
-2670.10 -2134.10 -2821.66 -3.68 -2804.02
-508.93 -7.05 -1660.49 -17.25 -304.05
-82.44 -91.94 -1405.89 -430.19 -658.24
-1098.09 -252.66 -55.19 -1149.00 -1490.31
-2679.04 -10.13 -8.19 -2312.48 -65.12
-849.91 -754.15 -734.10 -624.65 -662.10
-2536.65 -2482.40 -464.00 -2315.94 -353.85
8.38 48.80 -439.03 -1064.08 -2881.75
-838.58 -491.82 -1404.90 -1832.54 3.39
-2731.38 -2507.64 -9.12 -2762.45 -2675.97
-356.63 -307.41 -2313.29 -2317.70 6.26
-13.49 -517.74 -13.16 5.00 -503.33
-2510.68 -420.43 -26.12 -5.51 -114.47
-16.82 -1337.78 -513.91 -2851.84 -283.89
-914.02 -621.60 -1335.73 -846.39 -525.49
-2687.51 -437.71 -412.73 -2670.99 -873.01
-638.47 -280.95 -658.04 -2903.08 -2493.04
-1717.54 -2760.86 -397.50 -156.01 -1180.74
-810.16 -1462.88 -16.05 -1466.53 -2266.08
-717.16 -357.49 -1807.79 -336.55 -192.94
-2955.19 -2708.51 -409.53 -2925.14 -188.52
-1964.08 -10.31 -2321.88 -1402.12 -1774.00
-1135.45 -922.12 -9.11 -219.98 -982.62
-583.15 -14.58 -708.02 -10.55 -2688.60
-1567.06 1.45 -621.01 -578.68 -7.31
-0.07 -887.76 -1441.41 -618.20 -285.73
-7.44 -264.80 -566.19 -374.03 -4.09
-1896.81 -837.85 -3.40 -2.57 -1716.05
-1931.10 -1897.67 -233.94 -9.48 -142.29
-380.63 -66.37 -17.62 -341.37 -1570.99
-680.03 -1125.71 -1128.44 -65.88 -191.59
10.09 -1807.44 -1956.87 -1026.39 -176.91

2493.94254756