0.00 0.00 0.00 0.00 0.00 0.00 0.00 0.00
0.00 0.00 0.00 0.00 0.00 0.00 0.00 0.00
-253.47 -98.45 -277.47 -82.78 -34.18 -125.28 -210.26 -12.97
-152.62 -43.27 -82.38 -17.18 -118.09 -105.24 -76.13 -135.27
-52.17 0.97 -48.82 -125.43 -106.31 -94.90 -173.67 -72.45
-13.79 -292.67 -108.25 -127.38 -91.32 -205.31 -77.45 -286.63
-344.64 -7.36 -2.89 -90.25 0.90 -126.87 -246.40 -34.37
-198.67 -142.19 -64.13 -141.50 -73.98 -82.95 -46.12 -187.62
0.50 1.08 -273.58 -93.42 -276.58 -358.86 -135.48 -33.01
-180.70 -229.66 -89.29 -113.41 -36.96 -150.43 -145.66 -140.49
-71.37 -189.19 -226.57 -80.26 -296.65 0.91 -16.11 -196.66
0.88 -60.37 -65.10 -122.55 -124.48 -13.93 0.98 -6.31
-30.33 -54.27 -42.32 -160.05 -104.47 0.81 -138.97 -6.17
-162.47 -17.05 -58.88 0.69 -88.37 -60.99 0.64 -173.66
-39.50 -72.20 -74.02 -145.50 -0.07 -130.35 0.81 -86.29
-20.12 -288.63 -5.90 -18.29 -130.49 -118.47 0.84 -272.62
-21.28 0.77 -9.94 -113.44 0.60 -84.35 -15.00 -100.38
0.80 -13.30 0.66 0.88 0.77 -35.26 0.88 0.64
-131.43 -35.98 -90.24 0.81 -67.15 -84.08 0.96 -95.49
-33.27 0.72 -50.87 -28.31 0.79 0.95 -0.89 -18.26
-17.26 -41.32 1.15 0.59 -36.39 0.80 0.78 0.64
0.82 -17.23 -111.28 0.78 -69.40 -31.11 0.79 -15.17
0.64 -253.45 -0.26 0.83 -56.31 -261.48 -3.86 -257.46
-29.30 -18.12 -9.02 1.17 -38.31 0.16 0.87 1.10
-244.42 1.07 -284.54 -241.41 0.61 -266.45 -18.14 0.72
0.59 -12.19 0.95 1.01 1.01 0.88 -12.14 -17.05
-105.11 -8.26 -4.34 -40.98 0.60 -86.10 -32.21 -17.41
-0.32 1.11 -71.43 -79.19 -270.49 -4.03 -235.44 0.82
0.66 -1.20 -16.19 1.05 -28.25 -2.83 0.89 0.15
-18.34 -19.94 0.87 -9.05 0.88 -95.31 0.71 0.86
-263.53 -248.48 -210.32 0.82 -94.97 -34.31 1.16 -79.34
0.71 0.99 -64.23 -10.21 -78.23 -19.15 -8.24 -11.99
-47.42 -33.12 -274.61 -11.17 -285.62 0.73 -22.78 -55.29
-28.15 -1.19 -41.24 0.74 0.90 1.01 -29.96 -7.92
-24.14 0.71 -11.01 -34.94 1.13 -106.14 -25.17 -98.06
0.60 -249.42 -136.36 -255.41 1.03 -270.49 -253.45 -47.09
0.75 -56.08 0.69 -45.18 -104.97 -33.27 1.09 -26.35
0.93 -257.44 -273.53 -249.42 -4.91 -258.46 -6.96 -219.42
-15.33 -9.13 -10.12 0.76 1.09 -20.14 -5.12 0.89
0.70 1.09 0.86 0.75 -253.46 0.90 0.84 -4.94
-22.96 0.09 -242.47 -263.43 -14.18 0.91 0.73 -248.40
-42.08 -63.29 0.86 -10.09 -8.34 0.75 -0.27 1.03
-88.49 -64.40 1.04 0.90 -62.34 -251.45 0.69 -245.42
-12.08 1.01 -40.18 -87.11 -59.14 -0.19 -0.21 1.07
-58.36 -0.06 -164.34 0.11 0.83 0.86 0.87 -19.26
0.69 0.93 0.97 0.75 0.62 0.85 0.95 0.85
-182.55 -251.46 -179.48 -18.92 1.08 -29.23 -247.46 1.08
-36.26 -94.35 -9.22 0.75 1.03 -14.06 -50.20 0.74
-125.46 0.74 0.69 0.96 -6.18 -19.01 0.79 -96.49
0.73 -15.12 0.84 0.92 -21.29 0.77 0.77 0.71
-113.39 0.97 -25.29 0.62 0.95 0.99 0.81 1.01
0.68 0.80 0.63 0.76 -289.62 0.89 1.03 0.77
0.71 0.78 0.88 -30.27 0.98 -10.18 -18.21 1.15
0.62 -3.19 -19.99 -1.13 -99.07 0.96 1.00 -15.91
0.73 -11.06 0.78 0.69 1.02 0.90 0.84 0.65
-186.49 0.72 -192.58 -52.84 0.75 1.02 0.71 1.09
-2.34 -44.26 -10.32 0.93 -15.99 -257.43 0.81 -6.24
-12.30 -53.27 -4.32 0.83 -34.06 -42.09 1.02 -49.90
1.16 -10.12 -46.20 0.81 0.90 -5.30 1.16 0.82
0.69 0.92 0.85 0.78 -28.26 -17.28 0.69 0.82
-1.27 -25.00 -83.19 -51.35 -6.25 0.81 1.06 0.67
-6.40 0.88 0.93 0.75 0.62 0.78 0.83 0.73
1.08 -241.41 -245.42 1.07 -21.16 -243.39 -217.40 1.04
-41.11 -22.21 1.02 -81.02 -21.33 -15.08 0.98 0.78
0.85 -65.38 0.65 -9.29 -20.07 -64.34 0.90 1.10
-3.28 0.69 -32.93 0.81 0.88 -52.87 0.84 -3.96
-32.39 -23.27 -8.29 -6.09 -41.52 -12.00 -23.11 -22.34
-71.42 -251.43 0.97 -250.41 -41.37 -29.30 0.64 -248.43
0.70 0.75 0.79 -1.25 0.72 -14.25 0.76 1.13
0.73 0.87 0.89 0.80 -22.99 -29.21 1.08 0.95
0.68 0.88 0.86 0.76 0.74 0.86 0.89 0.78
-36.31 0.91 0.82 0.87 1.07 0.68 0.82 -10.28
-30.98 -37.80 -68.97 -32.19 -44.17 0.72 0.90 0.75
-33.12 0.84 -21.17 -14.32 -32.28 0.70 0.79 0.76
-34.27 -31.35 0.61 0.99 -17.19 1.01 -23.31 -51.06
0.80 -42.83 -8.21 0.84 -64.03 -11.25 0.92 0.97
-141.35 0.74 -49.87 -41.08 0.58 -53.08 0.69 -38.03
0.75 0.89 0.85 0.98 0.71 -208.57 0.84 0.61
0.91 1.00 0.71 0.90 0.61 1.13 0.74 0.81
0.64 0.74 0.78 0.91 0.88 -201.54 0.97 -193.46
0.58 0.67 -23.28 0.93 0.74 -15.03 0.98 -44.25
0.69 -252.47 0.86 -5.02 -12.19 -16.15 -251.47 1.09
1.00 -2.31 -71.35 -25.33 -11.12 0.66 -18.33 1.00
-264.49 1.04 1.03 0.74 -268.52 -14.38 1.08 0.85
-6.34 -21.94 -34.89 0.84 -37.29 0.77 0.90 -0.17
0.89 -236.41 -25.23 -235.41 -251.48 -64.00 -27.34 1.07
0.82 -12.13 0.83 0.86 -5.29 0.84 -9.06 0.70
0.80 -50.23 0.75 0.79 0.89 1.02 -12.05 0.80
-13.27 0.88 0.65 -8.27 -17.03 -61.30 -22.07 -19.28
-22.34 0.76 0.79 0.66 -64.10 -26.20 0.84 0.95
-233.52 -21.03 0.85 -21.11 0.86 -206.41 0.84 0.76
-72.34 -38.09 0.71 0.79 -12.00 -16.27 0.72 0.96
-51.28 0.89 0.70 0.79 -11.12 -10.01 0.79 0.93
0.69 -37.28 0.86 -7.30 0.74 -17.27 0.85 -33.38
0.98 0.76 -0.13 0.79 0.65 -49.35 1.02 0.68
0.87 0.99 0.95 -39.30 -55.10 -9.34 -47.24 0.64
-126.56 -18.06 -4.36 -94.11 0.93 -3.35 -19.06 0.62
0.62 -3.99 0.91 0.90 0.90 0.73 0.70 0.75
0.82 0.75 -55.28 0.62 0.69 -1.28 0.83 0.70
-76.28 -60.36 -9.17 0.65 0.90 -15.23 -26.26 -7.29
0.61 -0.13 -29.21 -16.13 0.74 -8.12 0.80 0.75
0.91 0.74 0.98 -24.11 0.62 0.94 -3.99 0.84
-31.23 -33.24 -0.15 -16.19 -19.19 -45.24 0.79 0.95
0.81 -7.12 -10.31 0.98 0.84 -46.35 0.73 0.71
0.68 -67.92 0.69 -26.27 0.91 -24.00 -17.80 0.83
0.75 0.88 0.79 0.70 0.86 0.93 0.77 0.68
0.60 0.80 0.71 0.84 0.84 -3.27 0.76 0.68
1.00 -9.05 0.70 0.99 0.74 0.71 0.91 0.81
-156.52 -1.07 -0.17 1.04 -10.06 -143.40 -36.26 -12.34
-12.13 -88.06 0.99 0.96 -35.31 0.97 -6.09 -1.28
0.70 1.08 -45.22 -90.16 -0.14 -69.33 0.72 -2.30
-128.47 -102.44 -25.37 0.94 0.76 -64.34 0.77 1.06
-60.09 0.72 0.68 -0.31 -14.24 -73.31 -23.08 0.73
0.70 0.80 0.73 0.81 0.75 0.60 0.88 0.88
0.95 -246.48 1.12 0.88 0.59 -252.47 0.86 1.12
0.76 -28.23 -3.12 -2.23 -23.14 0.75 -12.17 0.76
0.72 0.74 0.77 0.90 0.73 -0.19 0.84 1.02
0.92 0.81 -40.31 0.72 -15.31 0.77 0.96 0.73
0.81 -19.03 0.74 0.66 0.92 1.01 0.92 0.93
0.95 0.72 0.73 0.77 0.83 -11.15 0.91 -13.06
0.73 -39.32 -14.96 0.81 0.85 -46.31 0.92 0.93
-20.24 0.95 0.98 0.80 0.66 1.12 0.89 0.86
-7.33 0.96 0.78 -6.91 0.78 -38.14 0.81 0.88
0.92 0.80 -26.35 -6.95 0.75 0.65 0.70 -8.46
-2.92 -22.38 -66.32 0.94 0.53 0.83 0.91 -59.23
-4.44 0.84 0.99 0.68 0.66 -7.27 0.82 0.71
0.67 -56.28 0.91 0.69 0.60 0.79 0.76 0.64
-44.30 -2.01 0.96 -20.24 -38.36 -6.09 0.72 0.72
0.76 0.68 0.83 -5.21 0.64 0.85 0.74 0.77
-1.26 0.85 0.68 1.16 0.73 1.01 0.71 0.79
0.66 0.82 0.79 0.76 1.00 0.98 0.81 1.07
-16.28 0.77 -15.25 0.89 0.73 -8.83 0.71 0.90
0.74 1.02 -15.08 -6.31 -35.30 -55.10 0.72 0.83
0.91 -4.24 -13.23 -14.24 1.03 -23.00 -19.27 -13.04
0.77 0.74 0.66 -257.47 -16.19 -4.93 0.83 0.76
-69.46 0.93 0.99 0.85 -14.27 -24.33 0.84 -0.26
1.03 0.65 0.65 0.78 0.75 0.78 0.87 1.04
0.90 0.97 1.02 0.90 0.89 0.69 0.87 0.72
0.67 0.89 0.65 1.09 0.96 -31.04 0.74 0.68
1.00 0.88 -63.43 0.86 0.70 -7.32 0.76 0.87
0.93 0.92 0.77 -2.05 0.65 -16.31 0.68 -3.07
0.82 1.07 0.66 0.89 0.82 1.09 0.71 0.95
0.70 0.68 1.00 0.86 0.70 1.02 -6.17 0.69
0.58 0.69 -53.41 0.97 0.74 -82.41 0.84 1.05
0.75 -1.08 0.86 0.92 0.64 0.75 0.95 0.95
0.82 0.81 0.70 -5.21 1.08 0.62 0.86 0.72
-12.26 1.06 0.05 0.80 0.70 -2.27 0.88 0.67
0.95 0.75 0.75 0.68 -7.21 0.71 0.87 0.97
0.74 0.73 0.75 0.71 0.87 0.63 0.88 0.95
1.02 0.75 -14.11 1.02 0.72 0.74 0.73 0.65
0.65 0.69 0.81 -10.28 0.73 -2.01 0.90 0.79
-20.40 0.80 -42.22 1.03 -15.25 0.69 0.77 0.75
-65.31 0.69 0.69 0.79 0.94 0.78 0.77 0.94
0.93 0.82 0.95 0.78 0.91 0.81 0.88 0.84
-181.39 1.04 -27.96 0.79 -249.54 -17.39 0.72 1.08
0.79 0.66 -11.17 0.73 -49.13 -40.33 -6.76 0.91
0.63 -32.26 0.96 0.73 0.74 0.95 0.72 0.97
-22.30 0.69 0.79 0.96 -34.42 0.74 0.83 0.83
0.87 -64.33 0.89 0.90 -21.30 -13.06 -18.37 0.87
0.67 1.07 0.91 1.10 0.91 0.94 0.88 0.72
0.98 0.70 1.08 0.74 0.88 -15.28 0.80 -28.31
-59.31 0.77 0.64 0.77 0.97 -270.51 0.99 0.77
0.81 1.04 0.69 -2.18 0.82 0.71 1.12 0.73
0.73 1.06 0.68 0.84 1.06 0.80 1.00 0.82
0.66 0.84 0.79 -27.35 -35.27 0.76 0.83 0.84
0.75 0.91 0.87 -12.20 0.70 0.93 0.77 0.92
0.70 0.77 0.86 0.96 0.78 -0.99 0.78 0.62
-3.41 -5.14 0.90 0.96 -1.27 1.03 0.75 0.99
-69.49 -82.46 -0.97 -40.26 0.72 1.08 -46.89 0.86
0.69 0.83 0.80 -267.53 0.98 1.01 -10.31 -262.55
-49.21 0.72 0.85 0.67 -2.23 -14.33 -29.99 0.80
0.65 -40.28 0.75 0.79 0.74 -4.26 0.83 0.75
0.93 0.77 -11.33 0.85 -3.22 0.99 0.87 0.92
0.74 0.86 0.71 0.81 0.70 0.95 0.86 0.98
-28.23 0.97 0.78 0.82 0.78 0.79 -1.30 0.82
0.78 -9.99 -59.19 -38.88 1.01 0.73 0.95 0.97
-57.22 -9.08 0.76 0.67 -38.29 0.91 0.88 0.78
0.86 0.81 0.67 0.75 0.88 0.87 0.82 1.03
0.81 0.86 0.79 -29.95 -1.27 -39.33 0.85 0.71
0.81 -26.27 0.71 0.78 0.72 -71.07 0.72 0.96
-10.34 -0.00 0.69 1.03 0.93 0.83 0.96 1.07
0.73 0.70 -24.22 0.83 0.71 -16.96 0.75 0.82
0.85 -33.98 -28.97 0.92 0.70 -83.21 0.89 -9.07
0.03 0.04 0.04 0.03 0.05 0.04 0.03 0.04
0.03 0.03 0.05 0.04 0.04 0.04 0.03 0.03
0.03 0.03 0.03 0.04 0.03 0.05 0.05 0.04
0.03 0.03 0.03 0.04 0.04 0.05 0.03 0.04
0.02 0.04 0.03 0.04 0.04 0.04 0.03 0.04
0.63 0.83 -15.11 0.81 0.97 0.96 0.94 0.92
-15.21 1.08 -15.33 -59.09 -15.00 -42.05 0.70 0.72
-21.31 -34.87 0.72 0.89 0.93 0.71 0.83 0.88
0.98 0.78 0.74 1.01 0.99 0.90 0.72 0.97
0.75 1.10 -8.20 1.06 -14.21 -9.11 0.78 1.02
-26.32 0.91 0.78 -11.20 0.84 -13.17 0.77 0.96
1.01 1.01 0.75 0.75 -27.25 -19.18 -7.27 0.78
1.08 1.06 0.85 1.02 1.03 1.02 -36.40 -45.40
-100.32 0.98 -27.36 -6.33 -145.48 0.74 0.99 0.93
1.04 0.79 0.93 0.81 0.72 -0.22 1.04 0.88
0.64 -59.99 0.71 0.80 -95.51 0.89 -52.18 0.91
-54.48 0.79 0.78 0.77 0.86 0.69 0.87 0.76
1.04 -1.97 -91.21 -42.09 -74.19 0.75 -21.20 0.95
0.98 -19.27 -7.32 0.92 -0.14 0.96 0.88 -0.11
0.68 0.67 0.78 0.69 -14.00 -17.03 1.19 -14.15
-50.39 0.65 1.00 0.86 -32.35 -13.02 0.80 1.04
0.70 1.00 -34.36 0.69 -0.18 0.82 0.86 0.80
0.78 0.80 0.76 0.93 0.84 -13.12 0.93 0.83
0.71 -49.32 -83.43 -50.38 0.89 1.00 0.73 0.98
0.94 1.02 0.67 1.07 -0.07 0.75 0.80 0.98
0.79 0.89 0.70 0.96 -2.20 -46.30 0.91 0.67
-5.77 0.97 0.96 0.74 -31.35 -26.38 0.89 0.78
-11.29 1.11 0.81 0.74 0.97 -246.41 -0.23 0.89
0.83 -6.26 0.76 0.75 0.85 0.82 0.76 1.04
0.60 0.75 0.68 0.98 0.84 0.88 0.83 0.98
-15.19 1.02 0.94 0.96 0.73 0.68 0.73 0.72
-43.27 0.97 -18.21 0.76 0.75 0.92 0.87 0.95
0.91 1.06 -13.32 -40.11 0.74 -11.24 -5.15 0.63
0.76 1.10 0.68 0.82 -50.14 -60.34 0.90 -4.31
0.93 0.95 -19.21 0.96 -12.33 0.75 -17.32 0.89
0.76 0.69 0.98 0.84 0.69 0.78 0.82 0.89
0.83 0.83 0.77 -9.97 0.92 -37.21 0.70 -13.12
0.83 1.08 0.77 0.81 0.79 0.72 0.88 0.76
-26.00 -8.21 0.76 -31.42 0.59 -6.25 -32.26 1.03
-2.24 0.77 -10.18 0.83 0.66 0.92 0.83 0.70
0.83 0.73 -37.37 0.83 -7.30 0.81 0.88 0.97
0.62 -22.01 0.74 1.03 0.57 0.74 -14.19 0.89
0.95 0.71 0.67 -6.12 0.93 -2.31 0.96 0.99
0.84 1.01 -21.34 0.60 1.03 0.92 1.20 1.04
-44.31 0.96 -16.36 0.69 0.99 -78.51 0.90 0.70
0.72 0.98 0.73 0.82 0.79 0.78 -0.20 0.90
-28.98 0.97 0.94 0.73 -10.30 0.67 0.88 0.92
0.89 0.73 -261.55 -250.53 0.05 0.72 0.91 1.04
0.77 0.73 1.05 0.69 0.69 0.73 0.90 0.79
0.75 0.97 0.71 1.01 -1.26 -4.13 0.75 -1.21
0.98 0.70 -60.10 0.81 0.92 -69.23 0.77 0.92
0.85 0.85 1.03 0.82 0.72 -2.02 0.80 0.73
0.80 0.69 -30.32 0.76 0.77 0.84 0.70 0.83
0.72 -15.92 0.89 0.83 0.83 -10.30 0.91 1.11
-0.93 0.66 -13.04 0.80 0.71 -12.28 0.85 0.86
0.94 0.96 1.04 0.89 -32.27 0.67 1.05 0.89
0.76 0.94 0.67 1.14 -31.23 -4.33 0.89 0.69
0.64 -0.09 0.73 0.77 0.55 0.73 1.00 0.74
0.78 0.63 -3.30 -7.02 0.85 -37.36 0.80 0.85
0.83 0.75 0.76 1.03 1.05 -18.10 0.68 0.97
0.69 0.90 0.87 0.73 0.80 -10.04 1.03 0.75
0.77 -249.42 0.99 1.05 -255.44 0.99 0.90 0.93
0.55 0.72 0.85 0.72 1.04 -1.04 0.96 -2.22
0.69 -16.97 0.89 0.95 0.72 0.84 0.81 0.75
0.84 0.73 -4.12 -0.32 0.89 -26.29 0.96 -64.31
0.65 0.66 -13.30 0.74 0.83 0.91 0.82 0.87
0.80 0.68 0.84 0.77 -0.99 -2.01 0.96 -35.27
0.63 0.89 0.66 0.78 0.97 -29.00 0.75 0.98
1.03 1.02 -10.35 0.84 0.98 0.74 1.06 0.81
0.63 1.01 -9.24 -7.19 0.56 -40.22 1.01 0.99
0.78 -19.03 -22.18 -21.06 -5.12 0.84 0.69 0.89
0.72 1.08 0.75 1.08 -5.20 0.93 0.94 0.77
0.99 0.85 0.77 0.81 -1.24 0.72 0.85 0.79
0.75 -14.29 0.73 0.77 0.90 0.75 0.73 -0.06
-16.95 0.84 0.85 0.75 0.97 0.62 0.69 0.86
0.75 0.73 0.70 0.94 -15.93 -15.25 -259.55 -259.54
0.65 -9.09 -4.16 1.00 -27.36 0.70 0.79 0.90
0.99 0.68 0.78 0.98 -13.28 0.77 0.68 0.74
-61.22 0.82 0.77 -255.44 -22.17 -20.34 1.06 1.05
0.62 0.97 0.77 0.98 0.64 0.73 0.90 0.71
0.60 0.72 0.77 0.65 0.67 -4.91 0.95 0.73
0.74 0.92 0.72 0.72 -31.00 0.81 0.88 0.74
0.79 0.98 0.72 -4.01 1.06 -59.29 -57.40 -28.30
-24.26 -21.92 0.81 0.63 0.78 -56.01 0.75 0.95
-3.30 0.76 0.75 0.81 0.89 0.73 -24.22 1.01
-47.01 -9.23 -42.11 0.84 -24.29 -30.31 0.80 0.70
0.85 -11.22 0.76 0.79 0.86 0.82 0.72 0.93
1.04 1.00 0.59 0.66 1.00 0.58 1.13 0.78
0.89 0.68 0.70 0.88 0.76 0.89 1.13 0.74
0.93 0.74 0.74 -47.35 0.85 0.76 0.93 -3.29
-17.23 0.92 -41.17 0.90 0.64 -17.16 -2.24 0.77
0.81 0.69 0.73 1.14 0.77 1.00 0.84 0.87
0.85 0.61 0.79 1.00 0.69 -21.36 0.79 0.72
0.66 0.80 0.71 0.75 0.97 0.74 0.89 0.90
0.66 1.04 0.84 0.97 1.10 -1.09 1.03 1.09
0.76 0.72 -7.26 0.84 1.09 0.79 -8.03 0.60
0.67 0.93 0.75 0.82 0.67 -20.09 0.67 -0.18
1.00 0.77 0.96 0.83 -36.18 0.86 0.89 0.94
0.80 0.99 0.70 0.86 1.03 0.69 0.82 0.70
1.11 0.94 0.69 -246.45 0.82 -251.45 1.12 0.78
0.59 1.02 0.83 0.93 0.70 0.80 0.87 1.05
1.17 0.86 -3.36 0.97 -67.24 0.67 0.99 0.79
-2.07 1.03 0.76 -9.11 0.86 0.70 0.70 0.83
0.94 1.19 -2.27 -89.98 -12.92 -23.21 -5.25 0.73
0.68 -22.99 1.02 0.63 0.82 0.76 0.73 0.82
0.86 1.01 0.90 1.02 0.73 -29.31 -1.19 0.70
0.89 -44.30 0.89 1.03 0.71 -54.05 0.94 1.06
0.66 0.97 0.73 0.69 -63.42 0.76 0.80 0.86
0.60 0.74 0.74 -20.22 -5.94 -21.23 1.00 0.78
0.80 1.05 1.02 0.84 0.72 0.84 1.04 0.75
0.88 0.90 0.73 0.80 0.68 -8.98 -51.29 1.02
0.83 0.86 0.70 0.96 0.80 0.76 0.69 -50.13
1.02 0.78 0.94 0.80 -4.30 0.76 -7.26 -9.30
0.97 0.79 0.72 -18.91 0.86 0.64 0.94 0.83
0.88 0.77 0.74 0.77 -12.09 0.96 -8.91 0.88
0.81 0.77 -0.01 0.85 0.82 0.97 -6.06 1.10
0.84 0.84 0.98 0.78 0.75 0.98 0.76 0.85
0.70 -34.30 -9.89 -2.25 0.67 1.01 0.87 0.79
0.82 0.91 0.79 0.96 0.70 1.00 0.66 -0.96
-56.39 0.85 0.58 -0.20 0.73 -5.17 0.85 0.76
0.87 0.16 -25.14 0.81 -12.18 0.72 0.90 0.91
-40.27 0.95 0.76 0.90 0.83 1.01 0.09 0.78
0.77 1.12 0.97 0.85 0.89 0.73 0.81 0.94
0.62 1.13 0.73 0.90 0.63 0.90 0.90 0.82
0.87 -0.21 0.73 1.09 0.95 -15.91 -47.25 0.91
-6.22 0.69 -1.16 0.79 0.72 0.96 -18.34 0.99
0.65 -5.87 -55.38 -27.41 0.89 0.83 0.72 0.97
1.09 0.81 -5.26 0.77 0.71 0.77 0.78 0.80
0.79 0.71 -7.97 -1.28 -15.29 0.77 0.86 -2.28
0.90 1.00 0.67 0.96 0.81 -184.27 1.13 0.73
1.00 0.79 0.69 0.77 0.78 0.85 0.94 0.77
0.87 0.76 0.80 0.78 0.66 -0.06 0.81 0.85
0.79 0.90 0.90 0.82 0.76 -57.33 0.89 -6.34
0.70 0.81 0.72 0.77 0.72 0.69 0.72 0.91
0.94 1.08 -33.05 0.80 -10.04 0.70 0.70 0.84
0.79 0.90 0.76 1.03 0.74 0.97 0.77 -2.13
-1.30 1.08 0.71 0.76 0.85 -6.28 0.78 0.97
0.58 -2.30 0.92 1.01 0.81 -40.15 0.91 0.78
0.89 1.08 -19.34 0.66 0.91 0.78 0.75 0.84
0.76 -36.25 0.63 0.85 -37.28 -21.16 0.88 0.94
1.02 -4.06 0.75 -248.45 -1.14 -251.48 0.78 0.80
1.05 0.84 0.84 0.99 0.77 0.67 0.78 -6.31
-55.32 0.86 0.99 0.78 -9.35 -69.26 0.74 0.71
0.95 0.90 0.68 0.75 1.03 0.76 0.79 0.98
0.81 -12.02 0.82 0.86 0.75 0.69 0.78 -52.31
0.80 0.99 0.81 0.79 0.95 0.82 0.83 0.78
0.99 0.73 1.03 1.05 0.98 0.87 1.03 0.98
0.87 -3.30 0.74 0.88 0.93 -50.26 -38.95 -0.28
1.04 -19.19 -4.26 0.75 -31.10 0.80 -20.16 0.78
0.93 -20.95 0.76 0.71 -11.27 0.77 1.05 0.77
0.82 0.78 0.74 1.05 0.94 0.74 0.94 0.97
-16.51 0.89 -10.21 -43.32 -58.42 -1.25 1.07 0.96
-11.32 -28.26 0.86 -38.32 -34.37 0.76 0.78 0.85
0.95 0.92 0.71 0.91 0.97 0.85 0.81 0.80
0.76 -4.20 -32.30 0.72 1.02 0.75 0.93 0.94
0.91 1.09 -77.23 0.81 0.77 -22.36 0.88 0.71
0.79 1.06 -4.99 0.77 0.66 1.12 0.89 1.04
0.71 0.87 0.87 -21.32 -18.09 0.72 0.71 0.83
-13.27 0.88 0.76 0.62 0.76 -10.30 0.99 0.73
-5.07 0.70 0.91 0.81 0.63 1.01 1.00 0.85
-18.30 -4.92 -6.31 -6.18 0.86 0.74 0.72 0.95
0.73 0.73 0.83 0.91 0.93 -9.12 0.71 1.00
-37.31 0.76 0.73 0.82 0.87 0.64 0.76 0.78
1.03 0.78 -12.36 0.89 1.05 -6.27 -23.18 0.96
0.61 0.96 -9.30 0.81 0.76 0.76 0.72 0.75
-2.37 1.02 0.89 0.95 0.67 -28.19 -26.92 0.73
0.96 0.75 0.80 0.68 0.84 0.72 -3.96 0.75
0.95 -28.27 0.72 1.03 0.86 0.71 0.94 0.82
-11.27 0.81 0.73 0.85 0.89 0.71 0.97 1.01
-11.39 0.97 0.92 0.91 0.83 0.77 0.95 0.80
0.73 0.84 0.85 0.81 -10.18 0.80 -15.13 0.97
-9.29 0.75 0.83 0.81 0.82 0.75 0.84 0.74
0.74 -7.85 0.71 0.72 0.81 0.74 0.82 0.83
-16.01 0.75 0.79 0.82 0.93 -12.99 0.86 0.89
0.77 0.85 0.86 1.01 0.85 1.07 1.04 -34.17
0.90 0.97 -91.43 -11.38 0.81 0.94 1.03 0.73
0.65 1.06 1.05 0.71 0.76 0.79 0.80 -14.32
0.88 -6.25 -16.29 0.78 -27.15 0.67 0.78 0.74
0.97 -46.29 0.77 0.95 0.87 0.75 0.77 0.80
-18.44 0.81 0.80 0.96 0.80 0.86 0.98 0.81
-4.92 0.73 0.95 0.65 0.62 1.08 0.78 0.74
0.65 1.08 0.84 0.92 0.88 0.72 1.10 0.98
1.05 0.88 0.84 -258.49 -268.51 0.77 0.71 0.98
0.84 1.11 0.76 0.94 0.64 0.68 0.80 0.82
0.92 0.73 0.83 0.74 0.81 -7.03 0.93 0.76
-19.33 0.91 0.65 0.72 0.82 1.01 0.94 1.01
0.83 0.74 0.86 0.90 1.11 0.91 0.82 0.79
0.89 1.03 -16.13 0.83 0.73 0.98 0.90 0.92
-9.32 0.76 -5.43 0.82 0.96 0.73 0.78 0.86
0.79 1.19 -10.03 0.71 0.88 -0.21 0.76 0.95
0.97 0.73 1.08 0.91 -51.16 -21.30 0.90 0.84
-86.39 0.75 0.68 0.78 -2.35 -55.27 -6.29 0.98
0.75 -1.02 0.87 0.72 1.01 0.78 0.83 0.88
-0.27 1.04 0.99 0.89 0.71 0.86 -2.24 1.16
0.81 0.80 0.79 0.67 -19.34 -56.18 0.82 0.97
0.92 -39.22 0.94 0.92 0.78 1.03 0.84 0.97
-7.31 0.74 0.91 0.78 0.71 0.69 0.81 0.97
0.90 -257.44 0.76 -258.42 1.04 0.69 1.07 -34.30
-39.21 1.01 0.77 0.80 -29.41 0.98 0.70 0.85
0.90 1.00 1.00 1.02 0.69 0.68 0.83 0.69
-2.31 1.18 0.79 0.76 0.97 0.76 0.92 0.88
-37.32 0.85 0.73 0.83 1.04 -16.25 0.82 0.87
0.76 0.82 0.79 0.73 -36.20 0.96 0.98 0.83
1.10 0.70 1.05 0.78 0.81 1.03 0.89 0.77
-4.42 1.02 0.73 0.88 0.97 0.72 0.73 0.88
0.79 0.83 0.79 0.74 -0.17 0.76 0.95 0.70
0.75 1.01 0.77 1.00 0.79 1.12 0.72 0.72
0.74 1.05 0.72 0.98 0.81 0.71 0.84 0.62
-14.12 0.77 0.77 0.79 0.73 0.72 0.95 0.80
0.86 0.99 1.07 0.62 -11.42 0.75 0.87 0.90
0.73 0.80 0.68 0.79 0.96 -11.18 1.05 0.92
0.62 0.98 0.72 0.79 0.83 -12.17 1.03 0.82
0.72 0.89 0.73 0.95 0.84 -15.12 0.96 0.77
-2.35 1.02 0.99 0.66 0.70 0.96 0.90 1.05
0.82 0.75 0.69 -16.16 0.84 -4.08 0.77 0.89
0.69 -9.99 0.69 0.68 -5.22 0.80 0.80 0.87
1.00 0.74 0.69 1.09 0.91 -24.23 0.86 -17.17
0.64 0.75 0.68 0.93 0.80 -8.97 0.80 0.73
0.80 0.76 0.69 0.77 -31.35 0.97 0.83 1.01
-93.14 0.86 -86.24 0.98 0.80 0.91 0.75 0.87
0.89 0.75 -4.26 0.75 -0.09 0.73 0.87 0.91
0.91 0.74 0.83 0.86 0.88 0.72 0.77 0.73
0.79 0.93 -4.31 0.71 0.76 0.82 1.05 0.69
0.74 -0.93 0.78 0.77 0.78 0.72 0.74 0.93
0.75 0.94 0.74 0.95 -100.30 0.66 0.76 0.78
0.75 0.81 -3.22 1.00 0.65 -13.02 0.80 0.98
-41.29 0.72 -0.31 0.92 -57.26 -8.20 0.73 0.96
1.00 -13.20 0.68 -18.22 1.00 0.79 -3.36 0.79
0.83 0.91 0.98 0.74 0.75 0.72 0.75 0.70
0.90 0.97 0.77 -0.17 -14.21 0.68 0.76 0.78
0.73 0.83 -4.30 0.89 0.92 0.71 0.80 1.00
0.64 -1.92 0.97 0.66 0.72 -23.13 0.96 0.96
1.00 0.86 0.69 0.93 0.83 0.79 1.02 0.81
0.72 0.96 0.71 0.88 -2.19 1.08 0.89 0.84
0.93 0.69 0.72 -5.01 0.83 -11.02 -25.22 1.01
0.91 0.85 0.74 0.85 0.88 0.86 0.77 0.95
0.72 1.02 0.77 0.85 0.76 0.67 0.81 0.89
0.62 0.79 0.82 0.75 0.73 0.74 0.97 0.75
1.08 -1.09 0.84 0.87 0.78 0.73 0.80 0.81
-1.23 0.91 -40.28 0.88 0.79 -17.34 0.87 0.68
0.89 1.14 0.94 0.74 -30.27 0.71 0.89 0.74
0.83 0.93 0.79 0.80 0.88 0.79 0.77 0.84
0.88 0.96 -61.15 -51.91 -8.96 0.88 0.77 -36.10
0.71 0.85 0.90 -0.07 -51.34 0.68 0.90 0.75
0.67 0.72 0.74 0.75 0.73 0.93 0.75 0.74
0.63 0.78 0.72 0.97 0.86 -8.92 0.79 0.90
0.65 0.97 0.77 0.71 0.88 0.88 0.95 0.76
0.63 0.85 0.73 0.96 0.62 0.95 0.91 1.09
-13.30 0.80 0.74 0.81 0.71 -4.35 0.99 0.71
0.71 -14.08 0.68 0.62 0.70 0.76 0.74 0.90
0.82 0.83 0.72 0.79 0.84 0.95 1.11 0.88
0.61 0.70 0.77 1.01 0.72 -9.99 0.77 0.86
0.73 1.05 0.76 0.81 0.85 0.79 0.76 0.84
0.96 0.79 0.90 1.04 0.90 0.75 1.07 0.77
0.73 -19.25 0.69 0.66 0.69 -16.15 0.77 0.83
0.84 0.76 0.70 0.86 0.67 0.74 0.81 0.92
0.71 1.13 0.73 -3.14 -34.30 -7.27 0.74 0.84
0.71 0.89 0.64 0.81 0.84 0.74 0.84 0.78
0.96 0.90 0.72 0.64 0.94 0.72 0.73 0.90
1.04 0.77 0.83 0.66 -10.11 0.69 0.83 0.70
1.08 0.84 0.76 0.72 0.82 -0.31 0.98 0.72
0.96 0.88 0.68 0.85 0.89 0.12 0.79 0.75
0.72 -3.08 0.73 0.73 0.63 0.94 0.71 0.85
0.86 0.79 0.74 0.75 0.72 -13.16 0.73 0.89
0.82 1.01 0.94 0.75 -2.37 0.69 0.95 0.83
0.76 0.81 0.72 0.77 0.73 -10.23 0.84 0.92
0.79 0.76 0.73 0.92 0.72 1.12 0.75 1.02
-0.19 -10.03 0.97 0.99 0.77 0.69 0.88 0.68
0.67 0.71 0.91 0.87 0.67 0.97 0.79 0.93
0.69 1.03 0.68 1.15 0.70 0.77 0.85 0.75
0.90 -5.84 0.83 0.75 -29.28 0.77 0.79 0.91
0.85 0.81 0.91 0.83 0.77 0.75 0.77 0.75
0.84 -37.20 0.87 0.93 0.95 -106.15 0.92 0.72
0.79 0.86 0.68 0.93 -6.18 0.78 1.15 0.90
0.78 -1.06 0.64 0.84 0.83 0.70 1.03 0.78
0.74 0.91 0.62 0.77 -32.39 -27.14 0.78 1.06
0.71 0.70 0.65 1.06 0.63 1.04 0.76 0.98
1.03 0.82 0.87 0.76 -15.03 -7.15 0.93 -5.20
0.73 1.06 0.84 1.02 0.70 -1.27 0.79 0.75
0.79 -14.82 0.75 0.77 0.61 -49.21 0.77 0.84
0.98 1.02 0.99 0.79 0.92 0.70 0.77 0.67
0.82 1.06 0.81 -20.24 0.83 0.72 0.99 0.75
0.64 0.77 0.76 -0.32 -4.36 1.01 1.07 1.06
0.69 0.97 0.71 0.99 0.68 -15.32 0.75 0.68
0.77 0.69 0.70 0.94 -55.37 -10.20 0.84 0.74
0.64 -3.19 0.61 0.72 -4.27 0.82 0.73 0.85
-73.28 1.10 0.68 1.01 -7.15 -51.27 0.90 -17.26
0.72 0.84 -0.20 0.79 0.95 0.74 0.80 0.84
0.67 0.69 0.70 -2.21 0.89 -35.02 1.11 0.97
0.66 0.74 0.68 0.91 -1.25 0.92 0.95 1.04
0.85 0.97 0.81 0.83 0.76 0.70 0.83 0.69
0.89 0.80 0.82 0.82 0.73 -6.20 0.76 0.89
0.87 0.76 0.75 0.94 0.93 0.71 1.21 0.78
0.75 -12.17 -6.34 0.79 -11.32 1.06 0.98 0.76
0.93 0.72 0.94 0.80 0.84 1.09 0.96 1.00
0.85 0.72 0.80 0.73 0.78 1.00 0.80 0.65
0.79 1.10 0.72 0.74 0.72 -9.21 0.80 0.93
0.82 0.92 0.79 0.84 -5.16 0.69 0.97 0.71
0.90 0.84 0.90 0.77 0.95 0.87 0.85 0.79
0.84 0.76 0.72 0.74 0.89 0.73 0.83 0.83
0.63 -5.27 0.83 -17.27 0.63 -9.18 0.89 0.82
0.79 0.92 0.72 0.79 0.75 0.76 0.78 0.90
0.96 0.85 0.93 0.93 0.71 0.70 0.85 0.77
0.70 1.18 0.57 0.72 0.78 0.72 1.00 0.75
1.02 0.99 0.54 0.73 -9.12 1.09 0.78 0.83
0.73 0.92 0.68 0.75 -12.98 0.82 0.72 0.87
0.73 -4.05 0.71 0.95 0.71 0.70 0.70 0.71
0.85 1.04 0.77 0.90 0.71 0.69 0.78 0.76
0.91 -36.24 0.73 1.00 0.92 0.71 0.90 0.88
0.72 0.85 0.72 0.79 0.70 0.83 0.77 0.86
0.74 -0.95 0.77 0.92 -3.02 0.71 0.98 0.91
-28.37 0.74 0.72 0.80 0.98 1.06 0.85 1.02
0.80 1.08 0.85 0.69 0.67 0.82 0.76 0.87
0.91 0.86 0.70 0.71 -1.20 0.94 0.97 0.78
0.83 0.84 0.87 0.74 0.84 1.03 0.80 0.73
0.84 1.12 0.76 0.68 0.88 0.94 1.05 0.77
0.72 -2.91 0.72 0.74 0.76 0.72 1.03 0.78
0.73 0.83 0.76 0.91 0.73 0.67 0.76 0.95
-32.91 0.83 0.63 0.87 0.73 0.75 0.96 0.96
0.54 -5.23 0.74 -1.00 -15.26 -2.10 0.74 0.73
-0.29 0.73 0.69 0.79 0.73 1.11 0.75 1.06
0.84 -0.04 0.76 0.78 0.76 0.92 1.03 0.81
0.87 1.00 0.71 0.89 0.78 0.72 0.85 0.82
0.64 0.83 0.86 0.66 0.80 0.94 1.05 0.76
0.76 -98.21 0.69 -101.17 0.98 -36.25 1.00 0.98
-17.18 1.02 0.73 0.99 0.58 0.73 0.79 0.77
0.65 -0.01 0.71 0.80 0.56 0.91 0.78 0.95
0.78 0.93 0.67 0.76 0.71 0.75 0.78 0.76
0.75 -67.11 0.75 0.69 -29.41 -0.08 -23.35 0.95
0.81 0.80 0.99 0.82 0.64 -35.15 1.01 0.71
0.85 0.87 -25.35 -15.23 0.87 -2.02 0.70 0.87
0.70 0.98 0.79 0.97 -14.26 0.65 0.97 1.05
0.89 -10.14 0.77 0.98 -2.14 -6.23 0.84 0.88
0.88 0.80 0.82 0.77 0.71 0.69 0.69 0.92
0.83 1.03 0.72 0.79 0.99 0.70 0.98 0.81
1.02 0.75 0.75 0.77 0.91 0.76 0.80 1.01
-3.51 1.00 0.82 -14.11 0.79 0.70 0.78 1.00
0.61 0.86 0.88 0.74 0.84 -2.18 0.71 0.81
0.86 0.71 0.86 0.85 0.74 0.74 0.62 0.79
0.85 0.72 0.69 0.88 0.56 1.12 0.77 0.77
0.87 0.81 0.74 1.01 0.86 -7.33 0.75 0.66
-3.97 0.92 0.68 0.85 0.74 0.64 1.02 0.82
-0.31 0.73 0.82 1.05 -12.34 1.03 0.96 0.77
0.75 0.67 0.75 0.77 0.88 0.86 0.74 0.87
0.80 -17.19 0.71 -3.20 0.87 0.73 0.74 0.88
0.85 1.01 0.77 0.88 -17.13 0.93 0.75 0.88
0.86 -12.24 0.84 0.78 1.02 0.86 0.05 0.77
0.80 0.83 0.79 0.67 0.99 0.82 0.87 0.77
1.04 0.70 0.99 0.79 0.78 1.11 0.82 1.04
0.73 0.74 0.76 1.08 0.92 -9.24 0.77 0.77
0.76 -21.05 0.70 0.63 0.68 -27.19 0.82 0.98
0.84 -2.09 -1.39 0.79 0.74 0.70 0.86 1.08
0.82 1.02 0.70 0.78 1.00 0.70 1.03 0.72
0.70 0.85 0.66 0.72 -0.27 -11.23 0.86 0.88
0.83 1.01 0.70 0.68 0.99 0.87 1.06 1.02
0.72 -13.96 0.66 0.97 0.83 0.78 0.73 0.81
0.92 0.88 0.82 1.05 0.72 0.71 0.78 0.76
0.71 -31.16 -14.12 0.75 0.70 -4.28 0.93 1.03
0.86 0.72 0.72 0.98 0.84 -11.17 0.80 0.93
0.85 0.85 0.71 0.74 0.98 0.85 1.01 0.81
-28.45 0.76 1.02 0.75 0.60 0.72 1.09 -49.28
0.96 0.76 0.75 0.77 0.93 0.72 0.78 0.94
1.00 -11.11 0.89 0.97 0.77 0.73 0.84 0.95
0.67 0.82 0.78 0.81 0.91 0.76 0.83 0.74
0.93 0.92 0.75 0.67 -18.30 0.72 0.96 0.80
0.99 0.97 0.87 0.72 0.98 0.91 0.83 0.95
0.75 0.77 0.76 0.96 0.64 0.74 0.73 0.70
0.86 1.07 0.95 0.79 0.72 0.73 0.79 1.01
0.72 0.73 -7.31 0.66 -0.13 0.79 0.94 0.65
0.68 0.75 0.67 0.86 0.88 1.03 1.08 0.98
0.73 0.98 1.07 0.96 0.83 0.77 0.79 0.93
0.59 -1.09 0.76 0.79 -24.35 0.78 1.03 0.77
0.73 0.99 0.70 0.66 0.67 0.90 0.95 0.91
0.72 0.96 0.78 0.76 0.78 -6.26 0.79 0.94
