0.00 0.00 0.00 0.00 0.00 0.00 0.00 0.00 0.00 0.00 0.00 0.00 0.00 0.00 0.00 0.00 0.00 0.00 0.00 0.00
0.00 0.00 0.00 0.00 0.00 0.00 0.00 0.00 0.00 0.00 0.00 0.00 0.00 0.00 0.00 0.00 0.00 0.00 0.00 0.00
4.22 -2271.15 23.32 -2462.31 -1023.12 -1739.34 -12.66 -152.97 -1874.65 -19.58 -2647.34 -1948.33 -2513.22 -3357.58 -630.53 -111.06 -699.05 -1695.18 -749.09 2.40
-229.33 -1269.67 6.23 -394.56 -1946.65 -4.85 -1067.53 -1663.31 -90.61 -276.19 -902.54 -3143.83 -3178.80 -3221.89 -317.13 -574.40 -2904.12 -641.78 -1325.50 -404.21
-3176.69 -105.33 -16.67 -13.29 -236.65 -378.94 17.92 -1806.45 -128.29 -1542.32 22.69 -2.95 29.45 -763.63 -2783.99 -2869.16 -421.21 -2847.33 -605.34 -2843.86
-617.85 2.02 12.54 -3035.56 -368.76 -2193.21 -299.26 -3559.71 -749.20 -279.52 0.41 -947.39 -914.31 4.27 -509.03 -938.11 -556.55 -340.53 33.74 -1028.38
-723.48 -2798.84 -4.01 0.09 -1613.16 -2587.34 -616.20 10.82 -250.69 -1403.48 -46.59 -3018.62 14.09 -426.15 -381.33 -3856.71 -558.13 -764.45 -3460.61 -1471.43
-240.49 -1512.42 -3067.32 -2531.63 -2212.16 -1943.91 -39.91 25.78 -296.19 -2051.41 -270.78 -2167.21 -2586.59 -3271.62 -1003.02 -2357.86 -2363.13 -4067.01 -407.22 -1259.02
-94.67 30.45 -1327.65 -2720.41 -234.91 -3829.02 -1046.36 -6.34 0.34 -192.31 -3002.79 -297.95 -609.07 -3234.35 -3104.35 -1010.49 9.80 -3237.90 -3777.31 -1.54
-382.71 -1.59 -967.12 -228.85 -144.00 -4592.46 -4414.28 -2568.10 10.69 -226.18 -2682.62 -1660.90 -607.48 -1170.72 20.54 -4944.89 -1583.56 -4.23 26.07 -748.94
-4583.10 -995.03 -529.43 -1899.12 -229.52 -870.18 -159.87 -397.40 -604.46 -2971.95 -861.53 -572.83 27.20 -464.30 -701.83 -3003.66 -2139.23 -1205.05 -4734.90 -836.42
18.86 -13.77 14.18 -8.42 15.07 11.71 -229.29 -57.76 -3339.70 -683.77 -1092.63 -407.05 -356.05 5.73 8.58 0.29 9.86 -302.37 12.52 -1730.80
-494.37 -1538.74 -274.92 -892.03 1.00 21.93 -13.34 16.27 -922.12 -114.74 -797.43 13.59 -549.85 -932.30 -752.60 -244.04 -232.75 -298.21 -9.25 -338.67
-1068.19 8.76 -691.62 -1911.02 -2769.29 -1960.74 -663.83 -1988.83 -479.59 -2257.77 -1092.10 -464.66 -140.93 -1153.42 -70.76 -1462.61 -728.99 -1361.84 -896.58 -858.83
-499.87 -362.31 12.37 -2110.65 -528.33 -392.01 10.23 6.96 -1716.49 -497.35 -170.80 -1340.82 4.77 -2021.65 -836.15 30.68 -2243.17 -2560.67 -1586.02 -2256.18
-837.61 -9.34 -1047.02 -220.62 -1985.86 -865.37 -177.88 -981.48 13.96 -1.91 -510.24 -2484.16 -581.70 -583.52 -3221.70 -720.75 -2268.88 -646.49 -1564.25 -2182.05
-2453.56 -1925.75 -1206.20 -332.62 14.24 -3690.96 -1536.46 -1019.04 -1075.64 -1249.02 -1709.49 -1435.65 -1204.42 4.91 -1827.46 -768.03 -671.45 -3628.06 -2830.07 -311.31
-2531.21 -317.05 -2227.57 31.66 -9.77 -1251.48 16.71 -2784.48 -1185.68 -2440.84 -561.42 -2499.89 -2531.31 -621.06 -393.42 -863.17 -1024.14 -2367.04 -1900.56 11.30
-132.42 -286.83 -1348.61 -1899.05 -935.02 -2541.86 -0.81 5.16 -209.05 -460.82 -385.98 -1930.50 -2451.63 -2691.82 -606.04 -598.08 -775.44 -2034.48 -1188.47 -2777.47
-918.17 -513.97 -2707.45 -344.80 -48.15 -555.21 7.79 -11.00 -540.00 -1013.69 -427.14 -499.46 -659.64 -556.56 -1076.50 -7.95 -511.63 -1303.90 -916.20 -1998.19
-178.88 -1511.04 12.74 -840.49 -2287.62 19.05 16.74 -315.04 -2664.18 -2636.57 -132.23 -2362.21 -299.49 -2904.93 13.49 -2678.63 -2332.14 -267.50 -2333.61 -2545.65
-2743.58 -2062.16 -2574.04 -344.39 -2513.86 -2731.22 -999.52 -2721.89 -2151.22 -2168.44 14.26 -550.31 -3007.18 -2936.07 -2574.79 -582.43 -296.05 -2789.81 -2468.14 -374.36
-2197.04 -2468.68 -3403.31 -2846.72 16.75 -4.38 -2663.07 -1676.37 -1149.29 10.85 -2318.09 -323.94 -1047.59 -333.53 -3172.53 17.91 -1778.64 -2124.85 -2681.55 -3239.15
-3627.78 -253.24 -3325.50 -584.22 -2511.61 11.69 26.03 10.47 -195.63 -2709.70 -44.43 -3039.96 12.28 -3205.55 -3278.14 -283.48 -2811.67 16.60 -2795.29 -504.84
-2527.45 -963.58 -2.74 -53.03 -2617.67 -2300.85 -303.28 -1297.87 -2933.50 -3022.36 -430.55 -2211.18 18.02 -2498.71 -2680.58 -2602.09 -3520.65 -1941.60 -2677.92 -1444.18
-2995.73 -2408.12 -105.97 -31.78 -780.37 -2301.90 18.59 -2827.65 -182.06 -520.28 -430.64 -2227.48 12.52 22.83 5.55 -2392.01 -126.95 -2499.65 -703.85 -0.94
-2263.06 -148.86 -896.72 -482.79 -470.55 -2766.22 -2149.32 14.91 -1.37 -1777.70 -1175.63 -2001.66 -1982.84 -416.48 11.77 20.36 -1352.18 -2785.18 -451.39 -817.66
-72.53 -506.05 -1248.07 -2724.51 -2921.35 -2573.63 12.08 -188.87 -497.95 -941.27 -757.33 12.40 -2166.52 -1402.52 -2121.04 -2587.41 -425.26 -3085.86 -3836.65 -2724.56
-868.32 -479.85 -405.88 -1765.59 -312.52 4.12 -0.74 12.36 -0.65 23.81 -626.32 -2543.62 -1231.99 -55.62 -2468.14 -326.88 -294.07 -1328.24 -2411.63 -2527.61
8.94 16.11 -114.89 18.05 -749.74 13.57 7.60 17.66 -3219.47 -2874.76 -1927.47 17.76 -587.47 -281.33 -344.75 -2.13 -1059.45 -1277.03 -234.83 -2001.04
-615.83 -2375.63 -2601.89 -2692.44 13.41 5.14 -544.36 8.93 -674.21 -15.23 -38.28 -2497.27 -1.50 19.59 -2651.65 0.36 16.23 -115.08 -3131.61 -16.42
-3.43 -744.86 -1620.31 -742.48 -227.21 -1264.33 10.27 22.27 -721.60 6.69 0.83 -1346.06 -2274.87 -1716.23 15.09 9.54 -848.50 33.37 -1752.70 -238.63
11.20 17.40 -210.44 -287.41 -536.08 -8.85 19.42 1.02 -325.48 -438.62 -684.52 -482.85 -33.30 -2528.43 12.61 4.58 14.99 -316.92 -1959.76 -2601.13
-261.93 6.64 -28.31 -8.89 -160.74 11.59 7.03 5.94 3.56 -9.87 7.68 11.47 -101.17 -194.99 -2.58 -495.68 -2299.52 -114.74 -107.34 -267.77
-9.27 -158.45 -2860.55 -2379.18 -421.25 16.74 4.44 -2167.84 13.01 -2470.60 7.48 10.25 -2438.51 -1754.36 -2044.37 -2512.98 -496.88 -2681.03 -349.38 -2258.78
7.91 9.90 -262.25 10.93 -850.08 10.20 -602.82 11.16 -230.17 -1052.35 31.36 3.08 9.40 -2.27 15.04 -285.31 -1652.93 -776.12 -1740.40 -324.83
10.13 18.47 -2333.50 11.62 -684.00 10.31 1.51 -25.36 -3441.69 -2287.28 -2091.60 16.07 8.69 -15.93 -106.12 7.49 3.22 23.64 -2348.86 -720.40
-554.89 -2724.06 -154.16 4.97 -2195.54 -2482.41 15.32 -0.12 13.25 -3.56 -2290.62 -2574.66 -1330.41 -2754.74 10.92 -2362.17 -2767.27 -2378.48 -2379.87 -1105.45
-64.35 -2273.96 -411.83 -2316.83 15.04 -6.58 -6.08 -2.74 -140.36 -1116.44 -752.28 -2377.49 -2136.64 11.07 -239.58 -1782.78 -2737.21 -3024.55 12.78 -2152.37
-29.98 5.84 -665.09 -609.55 -239.39 11.49 -87.49 9.89 10.47 11.14 -376.35 6.56 8.59 -2.17 2.29 -7.22 -354.98 -2452.57 -869.28 5.23
0.22 -0.14 -684.42 11.45 -774.47 -18.83 -146.76 13.47 10.56 6.29 13.55 10.98 8.18 8.76 12.73 4.30 6.56 -207.90 -456.98 -949.65
4.67 -115.67 -391.99 -2557.38 -9.73 -33.58 -2694.13 -2109.02 15.44 -2993.14 -386.26 -2530.50 14.45 0.24 8.58 -191.37 -2483.93 -2346.95 -325.54 -302.31
-59.00 -568.43 -677.23 13.11 -7.59 -1.71 16.03 2.46 7.14 12.74 14.25 5.29 8.66 1.38 -29.48 13.57 -6.05 15.55 12.89 9.87
-70.69 -482.90 -94.22 -2379.46 -2392.76 11.77 5.59 16.81 6.31 1.35 7.59 10.11 -2857.78 -857.75 -416.08 16.96 11.10 -2345.29 -3399.48 -2724.87
-379.31 6.75 -828.67 10.80 2.98 11.02 27.23 11.24 9.94 -1.99 -1626.22 11.73 -7.17 11.14 -620.88 13.48 -103.67 -155.05 16.70 -77.18
-220.82 2.30 9.95 9.59 -10.99 1.42 3.36 7.32 3.16 11.76 1.09 -323.15 10.90 11.30 -36.16 1.35 -1169.12 -241.40 10.31 9.52
-4.09 11.70 3.69 -499.16 -2590.06 7.35 4.69 -64.03 13.26 -15.27 15.03 -2243.03 -5.89 -26.77 11.57 -1.54 -1956.20 11.63 -286.63 5.49
-20.82 -669.22 -155.99 14.27 14.81 7.53 3.88 -56.63 12.52 17.03 9.44 6.44 10.66 -466.14 10.95 23.21 -1600.30 35.31 8.17 17.28
7.49 -325.48 9.32 4.42 6.51 -6.65 -171.80 -213.00 12.73 3.72 -1.38 10.07 9.52 -237.71 15.74 -36.47 3.27 -362.80 8.30 -222.73
9.89 7.17 -130.35 10.99 5.30 -1.21 21.69 9.33 -111.26 12.93 -102.90 8.65 2.14 -733.24 -26.85 2.58 -424.69 -438.56 -226.38 -7.49
4.52 -265.82 -217.44 27.78 14.84 2.99 6.77 10.67 18.27 6.31 -258.45 14.97 11.67 13.11 3.31 2.88 2.39 28.79 -46.73 6.71
5.75 0.51 30.25 -695.21 16.52 2.91 16.74 13.23 13.75 7.70 5.06 -47.46 -1112.69 8.02 5.30 -439.26 -159.72 6.61 2.89 -51.17
8.52 -7.45 -124.29 6.10 6.09 6.08 4.43 7.17 12.28 -9.23 7.77 24.92 -334.76 10.47 32.42 -1055.37 -395.21 -911.75 -269.41 -349.89
-6.03 -216.39 12.85 6.03 18.59 -62.99 0.24 10.79 15.49 12.28 7.37 11.17 -15.31 9.38 -894.42 -407.21 -330.06 23.38 12.33 -162.78
-4.70 4.13 -0.97 14.13 15.94 5.10 2.17 12.19 14.26 -2680.82 13.60 12.24 -2683.27 9.86 11.41 4.71 -4.45 12.25 -706.20 -91.09
16.30 15.54 10.66 -201.87 8.71 5.29 7.70 9.04 12.84 13.59 4.25 18.81 10.80 11.22 4.68 -1.62 -537.72 -337.98 -466.06 8.49
-1.20 -0.26 -673.86 14.00 9.45 3.03 5.69 6.83 7.27 6.15 -10.37 3.08 8.91 19.01 -227.89 0.29 15.25 11.83 6.09 -6.06
-36.14 1.03 18.96 -2364.56 13.33 5.09 10.26 6.40 -0.17 -2246.39 -12.05 8.19 9.93 -3.72 2.82 -7.90 14.70 -258.10 0.88 10.84
-215.66 3.34 2.28 -8.04 4.97 4.64 12.09 26.65 12.39 13.90 10.15 8.81 11.29 -48.01 1.68 -243.39 -1043.78 28.18 -2.76 -329.45
-202.27 15.54 -139.51 14.43 7.00 -2.64 -2.42 24.85 12.84 -10.70 14.15 10.97 12.84 -0.92 0.36 7.34 4.36 14.98 -182.44 -209.32
7.63 20.05 -16.93 8.32 9.47 -3.82 15.25 8.53 -877.33 17.19 11.10 5.25 -12.53 25.99 -3.22 18.30 -1.90 14.70 21.53 12.62
-2.40 8.95 7.21 -213.06 10.93 0.82 2.60 26.27 15.86 -0.43 14.35 9.25 -226.99 -65.06 9.32 -379.79 -365.94 9.57 -129.60 12.32
-10.42 16.70 -1.44 9.22 -14.14 3.50 17.64 12.24 10.93 8.61 10.77 9.07 10.98 16.35 7.58 -623.15 16.30 -185.60 27.53 0.85
-314.19 5.64 11.49 11.33 16.48 4.81 1.99 10.84 8.85 -2.61 10.61 -28.44 8.48 21.39 7.14 28.85 -58.00 11.05 6.36 2.77
2.49 0.62 5.40 5.67 -4.70 -11.25 7.17 6.17 15.16 12.93 4.61 14.06 9.54 30.87 7.95 5.63 3.20 -12.11 26.68 11.16
-2.13 22.20 -654.06 -216.87 11.09 2.12 10.71 8.86 11.21 -6.81 26.07 -770.64 16.16 14.79 2.11 7.12 0.87 1.96 1.09 -144.84
-41.03 5.51 -74.83 13.84 -5.52 12.47 -89.11 6.84 7.78 8.64 2.91 6.24 36.88 9.16 17.00 8.09 -102.05 -253.95 15.42 -213.51
-3.73 -110.26 9.49 -171.87 12.44 -5.41 6.70 8.07 21.06 10.43 17.68 9.54 8.52 -939.67 16.38 -200.17 10.76 -872.77 -11.91 -15.85
-168.48 -47.86 6.53 -1851.26 12.21 1.21 15.64 9.06 11.65 8.61 20.02 8.18 12.86 -1689.39 11.99 16.61 4.94 -2620.91 -7.23 14.59
-207.99 -207.03 9.89 14.58 11.03 15.08 6.38 -13.39 13.93 9.32 7.66 4.70 17.01 15.59 13.55 4.13 14.88 -303.55 -194.36 10.27
3.03 14.59 8.77 -2.86 10.89 -9.99 3.47 6.65 20.48 11.66 2.83 9.72 8.72 -193.48 18.84 0.43 2.03 3.55 -105.03 -119.12
-8.79 5.48 14.72 3.00 6.03 -9.24 5.13 13.72 7.67 16.28 8.47 13.92 13.42 15.99 13.71 12.65 17.51 -320.41 -190.62 21.16
9.97 -27.60 -530.95 13.58 -289.01 -6.44 13.01 8.23 8.23 10.84 5.74 6.71 10.77 -15.99 4.98 17.18 8.75 -853.86 1.66 1.32
4.43 1.53 -14.90 -226.71 17.14 -6.90 11.65 8.29 15.99 14.52 12.30 9.04 -143.20 10.55 21.16 -49.42 8.22 -264.55 12.58 -12.67
-3.51 -1.96 4.82 2.71 5.66 0.22 -1.80 22.81 -161.69 17.65 15.13 6.30 9.40 18.89 -4.88 13.58 3.02 -406.16 12.23 2.64
10.36 -110.35 4.52 12.35 10.02 -2.67 7.84 11.16 30.17 18.93 16.74 9.80 8.85 0.89 -1105.75 -6.91 10.89 -4.67 13.57 -252.63
-19.18 14.21 9.32 9.52 2.11 -9.99 2.26 8.94 5.74 13.68 10.82 4.07 6.35 -386.99 17.86 0.26 7.13 10.17 28.37 -118.96
-26.36 7.52 0.38 -649.06 2.93 12.16 6.95 7.47 7.03 -6.98 8.89 11.30 7.10 -147.27 -935.45 -151.94 -2.37 12.36 8.37 -78.97
-80.05 3.19 -359.13 7.20 8.84 -4.91 9.53 8.68 -6.55 17.42 -156.01 4.61 -343.20 16.25 -4.27 10.95 -103.40 -76.51 -10.84 5.82
-5.02 -576.50 8.26 -174.99 22.98 -5.51 15.33 14.76 13.38 10.71 11.42 3.99 6.14 10.84 -154.53 -753.24 -3602.16 20.16 34.69 9.35
8.75 2.15 6.98 10.28 7.38 1.28 29.57 14.84 4.28 16.51 5.47 11.60 8.26 8.56 16.89 6.03 10.49 10.33 12.37 5.32
-5.63 1.71 15.83 -531.15 -2.32 11.71 3.89 -311.03 -480.52 -443.74 16.30 7.50 1.48 17.93 -705.85 -889.19 -7.25 -8.95 11.97 -449.40
-0.42 -237.78 11.21 4.83 20.13 4.43 2.94 11.66 11.09 13.38 7.39 13.53 12.25 -235.04 9.35 11.60 -10.12 -380.64 -365.86 8.75
-26.53 9.91 15.35 8.41 -311.41 3.79 26.90 9.84 14.28 9.78 7.75 4.75 8.94 11.89 -2.47 -229.73 17.04 29.82 -276.39 -525.20
3.76 4.86 10.42 -243.47 -1239.15 10.25 13.06 -1187.63 13.11 10.42 4.55 2.25 12.35 0.64 12.10 0.37 8.59 30.08 -287.17 -15.20
-73.45 7.67 4.05 11.53 5.89 13.51 4.39 -15.08 8.79 22.06 6.21 3.63 15.82 -34.19 10.42 3.79 -283.48 -335.08 -293.94 3.63
-156.80 -195.57 -2557.87 1.93 14.04 9.13 4.13 7.36 -1463.19 -1.54 8.18 8.30 -48.70 0.58 -1.51 -1689.83 4.19 7.05 4.68 -12.51
11.04 9.25 6.51 -283.87 7.83 8.91 6.27 12.01 4.95 10.34 9.40 4.57 13.01 7.39 5.62 -0.54 4.73 12.93 4.04 14.14
10.95 8.49 29.62 11.83 4.34 13.05 5.75 10.21 10.98 4.68 -5.61 8.88 9.28 13.16 4.59 -2.68 -365.48 -539.39 14.71 -11.18
-148.22 -429.36 22.68 15.05 -1.78 14.79 11.24 14.07 4.05 12.39 3.30 1.85 -2.40 4.66 -3.83 2.70 13.60 -226.58 -80.40 -104.55
18.40 4.57 7.87 2.43 6.36 4.42 5.64 -0.16 18.07 14.55 6.58 -2.14 9.98 23.45 12.46 -1.75 -14.22 21.26 -698.93 -95.10
17.16 -0.43 -247.87 9.32 1.42 23.34 5.47 9.87 10.99 8.06 4.44 5.33 31.84 -326.73 -46.64 -4.78 24.89 16.57 17.75 7.66
-6.18 6.62 9.28 13.49 5.45 -3.79 11.00 8.32 13.89 14.56 6.01 9.23 -126.54 25.97 -860.70 16.02 -2.96 -513.93 1.07 9.05
-6.63 -1042.11 7.07 9.01 -321.92 5.07 4.38 9.30 8.91 -190.21 16.36 -414.47 12.86 4.49 -154.50 -3.73 -879.97 -132.04 8.50 18.72
2.06 5.64 7.56 5.01 15.05 7.95 4.73 7.22 -384.74 11.54 -4.30 13.18 -65.01 -252.53 -48.59 -2.26 7.24 3.45 -308.48 12.86
16.18 8.20 8.01 -146.80 11.29 5.03 5.33 18.55 15.54 6.07 16.85 9.92 20.67 33.58 8.56 -224.00 -50.42 12.15 6.46 10.83
0.94 5.55 20.39 -73.62 16.38 7.22 -187.91 11.92 12.94 14.93 12.25 13.20 14.38 10.60 5.04 29.77 11.59 7.51 10.61 -122.64
5.36 4.58 9.40 12.14 16.79 11.23 4.42 11.64 -0.85 16.34 10.83 11.58 11.09 7.71 -2.67 10.76 3.33 7.79 1.92 -620.84
-4.59 7.43 13.62 8.70 14.42 12.29 8.98 -15.80 9.11 17.17 0.70 16.63 8.81 17.33 17.34 6.04 17.34 0.80 -221.81 3.38
-1.31 4.46 24.83 26.58 14.05 22.27 9.35 -0.46 17.60 13.47 10.94 -647.02 8.54 -5.56 -302.11 18.16 10.42 -4.69 10.67 22.79
12.89 -57.45 -251.01 16.66 15.03 19.14 9.93 10.44 0.89 7.26 -1.63 -1.77 9.91 27.79 13.06 -143.53 31.07 -142.93 -514.04 -2198.36
12.62 5.70 4.37 9.14 16.93 8.55 -0.14 17.96 -233.03 -3.24 16.81 14.11 8.24 6.42 4.44 11.58 -280.32 10.19 -386.88 13.34
-33.35 1.08 9.54 15.71 12.16 8.89 5.56 7.26 21.48 3.19 19.14 29.34 10.75 17.51 11.58 4.85 5.42 12.95 11.07 -618.84
10.61 19.60 -4.73 8.96 6.81 8.03 14.36 -2.42 17.15 -4.12 0.84 19.46 20.90 16.60 7.03 4.09 11.10 -4.88 -226.26 24.54
6.97 2.82 -11.45 -265.03 5.15 2.39 10.25 11.76 26.90 34.86 7.91 13.34 3.55 13.73 6.46 -74.32 23.98 -113.45 0.22 12.62
12.22 7.55 9.55 13.27 4.50 19.01 15.93 11.02 23.56 14.71 8.49 3.90 13.76 -0.25 14.15 -198.91 10.00 6.21 -10.71 9.70
5.89 12.83 1.59 14.24 9.79 25.50 8.17 13.22 11.64 10.24 11.95 21.13 13.42 11.98 4.08 21.43 12.34 32.22 -5.50 20.81
6.60 2.52 6.93 -226.91 12.80 5.76 14.41 10.60 13.47 14.50 7.80 6.22 -6.25 12.22 -93.55 6.80 -238.84 23.92 10.77 6.17
4.16 8.35 13.85 9.02 -244.63 21.83 8.14 -2575.44 -728.54 0.56 16.53 5.94 -2572.04 22.48 6.42 14.32 9.55 -18.69 10.69 7.63
-5.63 -370.10 16.76 -519.93 8.12 15.36 11.23 13.47 -4.11 13.67 6.38 12.17 17.51 12.40 -323.72 6.96 6.23 1.01 13.90 12.94
-186.81 15.86 -257.62 12.32 6.27 8.29 -483.81 11.21 10.98 14.41 11.00 4.17 10.66 -6.10 14.10 -331.71 -265.17 12.56 8.10 -0.66
9.00 6.41 19.16 -45.20 13.39 6.88 7.18 8.23 16.90 9.80 9.30 -823.43 17.13 -292.61 0.41 21.58 11.43 8.49 12.30 15.05
12.95 7.71 -1174.04 -844.96 7.65 1.54 32.47 11.73 -33.79 3.55 20.85 13.40 -178.89 15.34 -740.78 -155.54 1.23 13.39 10.77 22.95
12.45 18.61 11.01 7.02 17.29 12.26 5.12 11.89 26.08 19.16 4.75 23.21 12.91 14.63 0.76 13.97 15.80 31.64 -9.12 -431.21
-125.86 3.50 30.77 10.42 -13.44 11.73 7.25 10.29 28.44 17.41 7.78 32.42 10.96 9.00 17.26 9.48 26.53 6.77 10.38 2.82
-2.49 6.28 7.76 27.60 16.64 15.22 2.96 13.94 2.79 14.00 -1.51 12.99 31.15 12.34 -0.59 15.21 9.44 21.68 12.52 -52.36
7.33 9.75 14.81 25.78 2.96 10.88 5.88 10.65 6.82 19.61 1.43 15.73 -452.07 4.39 11.06 18.64 -50.97 26.32 11.47 8.15
-132.76 7.86 12.45 3.60 14.03 2.77 4.93 16.56 13.09 11.90 14.02 12.07 29.29 9.53 18.59 11.58 8.98 -49.13 -335.84 -5.01
3.77 14.29 8.52 -10.55 7.00 14.04 12.98 8.40 6.61 9.95 6.04 -1.94 19.94 10.01 18.87 8.51 -6.28 -93.56 -60.66 8.67
2.64 -325.25 9.06 17.67 18.29 7.42 7.59 11.40 15.72 8.74 14.88 10.56 28.24 5.46 17.48 -26.42 5.82 11.60 -230.81 11.39
7.97 5.80 13.52 -583.46 -2602.68 5.79 -70.50 -22.22 16.07 14.82 7.89 4.13 -4.67 14.53 -2554.58 -27.14 -2074.88 -457.38 -548.63 17.19
-257.28 -3.01 11.52 16.59 10.87 5.92 23.30 6.14 20.51 14.34 7.60 8.83 20.69 -0.81 -1.58 -87.62 -4.37 12.12 8.16 3.84
-6.18 15.62 -1.62 9.55 30.13 3.69 11.99 10.37 14.69 9.12 5.00 25.72 11.10 -2.36 15.48 15.59 10.69 10.62 -1.30 6.57
15.58 6.52 -370.56 14.89 7.03 2.14 17.56 10.42 13.78 -105.00 10.73 6.75 35.73 3.45 18.26 13.81 -5.58 1.46 17.97 1.23
-4.32 -96.82 -95.06 17.62 4.93 16.23 11.02 10.80 -9.17 13.81 -4.03 16.49 18.17 13.73 10.90 11.91 11.10 -86.01 13.93 -12.24
9.26 9.84 7.47 12.28 -2994.46 9.09 1.58 -6.31 19.16 4.88 -2872.99 12.46 1.17 -192.38 18.36 3.06 19.25 10.86 28.74 1.46
5.97 -155.25 9.83 12.29 16.50 11.69 8.04 7.74 13.81 27.39 14.52 -6.00 21.03 15.41 21.99 13.16 6.67 16.80 -840.76 16.27
2.89 -264.19 -463.17 -228.30 18.09 9.81 6.01 18.80 6.76 18.48 15.67 7.25 19.37 13.54 12.76 9.75 3.00 -331.21 8.33 12.71
16.38 11.83 29.19 10.68 16.16 14.14 8.46 12.60 24.26 18.59 11.45 6.90 -2.90 5.36 17.99 14.08 -11.14 -5.79 22.68 4.67
7.33 9.73 10.01 12.63 12.09 3.75 19.47 13.31 12.66 5.33 3.87 12.02 19.07 13.12 14.15 12.96 11.37 7.76 13.43 -14.48
9.22 -423.61 -101.50 16.02 9.91 18.82 9.82 -72.61 16.08 17.48 16.30 9.85 20.84 17.07 -2.73 1.00 15.05 -13.29 -2.62 35.50
12.06 15.03 14.11 15.90 14.80 18.14 13.84 6.60 20.18 14.32 13.11 7.32 7.67 15.49 12.71 2.88 10.61 12.19 13.37 -298.08
24.96 16.61 17.59 16.66 7.30 16.35 5.54 9.43 12.44 15.76 5.19 15.62 11.76 17.24 19.22 16.84 23.94 15.06 3.59 17.74
-12.42 11.66 11.55 2.68 15.16 8.89 7.82 -7.46 18.23 17.71 5.97 19.52 23.94 11.98 3.87 18.25 16.97 8.00 17.64 17.07
6.32 -3.41 21.42 16.04 17.32 15.95 8.34 15.20 -228.05 7.35 23.77 7.98 15.96 6.96 9.32 13.80 -279.93 -667.33 4.90 22.73
13.35 20.65 -5.45 21.91 18.52 10.88 7.29 17.59 13.32 15.20 7.37 17.62 17.61 31.33 20.39 11.57 8.33 5.86 19.56 18.07
13.71 -0.72 -0.42 14.54 18.48 16.78 9.39 1.10 14.43 -1.09 18.28 8.24 12.15 -142.10 -463.54 1.37 -202.76 17.90 14.96 9.83
-14.17 17.82 11.75 -161.47 21.76 23.85 19.62 11.88 16.58 12.56 17.47 8.68 7.90 -0.42 22.84 15.26 20.82 -418.69 15.85 5.26
13.14 18.50 10.00 -0.78 17.55 15.58 10.33 13.19 15.86 15.45 23.03 14.75 7.91 -133.82 3.40 17.34 16.92 10.73 -236.16 17.18
14.43 10.07 -4.03 12.36 24.53 16.70 20.29 13.65 21.97 17.87 10.61 6.34 5.83 20.06 16.06 -225.25 15.38 6.27 -5.76 18.74
-38.83 -139.64 16.72 -3034.52 10.77 4.35 12.57 -2.57 17.35 10.75 20.59 18.32 8.06 8.36 21.46 -2990.39 14.53 13.49 -1.60 -18.22
2.16 12.30 8.03 -282.37 -237.64 12.92 6.59 -0.65 13.64 1.33 1.27 17.17 17.12 12.75 4.93 11.06 20.04 -474.38 5.82 1.03
-71.56 13.63 26.53 18.54 18.09 12.39 18.00 -3.38 17.53 20.04 16.42 18.97 15.28 -35.51 13.62 9.19 -476.65 21.31 16.77 7.50
14.79 17.56 8.98 14.92 -170.99 9.41 12.05 5.10 15.43 19.34 14.38 12.72 -171.68 -110.14 -3.86 22.74 7.09 23.30 12.60 6.89
18.97 7.93 -20.66 17.85 17.95 9.90 7.10 -14.40 13.56 23.09 17.84 16.71 11.82 13.16 29.18 16.96 -1050.65 -59.04 -14.28 0.60
5.06 19.69 -11.32 10.02 6.22 -408.55 6.48 16.83 17.39 19.87 17.92 2.80 11.99 16.60 30.86 -0.36 -0.70 5.77 19.48 -180.43
16.87 1.79 10.58 -746.78 -4.90 17.66 12.56 -73.92 21.82 19.97 17.18 10.85 14.12 17.06 -1.56 11.33 7.66 32.38 16.97 -214.25
-1255.85 17.61 -820.13 -342.46 -0.04 30.31 22.26 12.24 -59.66 23.13 16.56 -3.89 21.36 16.17 17.84 13.20 -667.20 -1113.07 -221.17 21.03
16.08 17.32 -928.33 10.34 20.92 15.06 10.83 -1032.17 3.44 23.60 19.23 11.69 13.23 35.46 8.73 11.27 6.38 26.50 -6.46 2.91
2.38 4.11 -11.19 -273.07 10.04 23.66 23.58 16.05 19.68 20.84 0.92 19.01 -0.82 17.51 10.60 22.98 14.61 23.53 17.64 11.62
2.29 -229.18 14.96 14.24 13.83 10.96 5.65 11.78 28.13 -18.34 14.03 26.70 2.48 -1059.54 27.21 22.07 13.71 -57.77 -60.68 10.86
8.66 -263.71 -26.79 -251.91 9.50 -13.08 23.77 20.86 14.80 25.13 17.24 -137.99 -4.27 19.05 30.43 19.51 -76.28 7.19 9.94 25.11
17.65 11.37 22.78 8.34 22.18 19.26 18.41 14.19 11.22 21.53 15.47 24.08 13.99 26.69 0.16 -16.37 -467.69 -25.35 7.21 21.41
19.34 -0.91 10.33 16.10 17.72 10.68 9.69 19.13 15.88 -885.77 18.92 9.33 12.19 -541.63 3.91 17.86 16.64 -12.60 17.17 16.11
-201.08 18.17 -1.78 18.03 -14.46 4.86 -116.74 12.03 14.67 -769.20 12.74 15.55 7.62 19.96 23.04 17.65 15.91 -315.37 -3.12 -434.75
-142.78 12.62 17.75 13.74 17.45 15.29 10.63 9.31 16.15 12.22 23.18 17.68 8.93 21.65 3.26 19.39 18.48 13.97 16.08 12.59
11.75 -3035.38 -4.52 15.83 20.79 16.10 27.03 -2914.92 -546.18 1.63 25.47 25.29 -131.46 -666.62 24.44 16.31 -10.20 15.79 18.89 22.23
17.44 16.02 -222.63 17.80 15.57 22.73 28.07 18.72 15.68 19.07 26.67 16.06 18.71 18.42 16.55 24.28 13.19 10.46 7.02 25.71
14.22 26.50 -46.47 15.18 23.42 19.76 6.95 16.30 20.67 8.02 24.38 -138.63 22.16 14.74 -2.06 15.23 11.05 9.71 -581.53 -7.92
16.77 12.60 12.16 22.01 22.14 12.34 19.27 14.99 10.18 19.79 18.86 20.17 15.99 23.41 -1.21 24.90 10.60 -62.84 15.90 4.64
16.83 22.91 15.23 10.83 20.76 16.31 9.48 12.26 16.94 3.97 20.34 7.07 -3.35 17.91 19.57 17.62 12.96 -197.07 -216.75 22.32
-150.35 -211.93 15.03 -4.92 21.50 17.94 14.26 -210.49 17.49 14.41 6.24 29.92 12.31 17.10 25.23 -168.36 -511.45 15.77 19.69 -508.51
8.98 18.65 12.11 -260.99 17.46 11.94 21.85 11.19 14.04 23.81 17.16 17.03 -2837.30 -0.14 26.53 7.95 16.82 -178.97 9.76 14.41
12.75 15.92 -201.61 19.80 18.04 10.16 24.80 14.26 20.72 1.61 21.98 15.40 13.36 20.10 13.28 1.40 -224.03 7.38 14.87 -524.48
12.74 -220.06 17.53 18.71 19.65 13.96 21.27 11.99 13.13 -6.06 21.21 7.92 27.72 -13.57 20.40 -35.34 16.19 24.24 -1.30 22.74
3.25 19.77 11.69 19.69 12.50 10.43 16.69 23.47 17.44 22.47 23.22 22.97 12.86 -4.58 30.90 26.93 6.59 24.26 -110.90 23.94
3.36 4.41 22.29 15.91 14.36 18.54 15.93 11.75 15.25 7.36 22.56 13.32 24.01 19.31 7.98 23.85 26.79 2.89 14.34 2.86
14.69 4.37 9.15 23.87 12.32 7.00 12.34 14.15 32.82 18.87 13.25 9.41 19.22 10.29 21.48 17.01 8.59 12.70 26.92 11.68
0.33 17.90 14.92 -3.25 20.04 16.95 20.37 19.05 -59.79 18.05 20.20 8.07 13.98 11.05 23.78 21.17 8.34 18.08 11.02 -159.10
26.07 18.69 10.79 12.09 20.83 13.87 6.27 12.91 16.55 15.32 12.07 38.60 22.32 20.31 24.84 20.44 16.38 15.85 26.58 14.22
19.46 5.88 14.71 16.25 -1.32 25.75 23.62 15.87 13.35 7.01 18.23 11.27 12.82 8.14 -56.87 9.06 -5.76 19.77 3.42 2.40
-3.45 7.08 23.99 22.79 -21.88 19.90 12.09 12.57 -86.20 0.62 14.77 31.43 16.40 -4.47 8.33 24.49 29.16 -112.75 25.86 -159.30
22.74 15.19 11.75 19.64 19.13 20.02 19.27 16.97 17.83 20.39 5.43 19.08 40.72 1.20 24.19 29.53 23.09 7.49 20.36 17.34
-87.98 25.40 11.97 18.63 -162.65 19.40 16.78 12.94 22.61 23.42 -424.42 27.31 22.41 3.30 27.48 11.70 31.32 24.73 -1141.15 28.13
18.76 16.71 21.31 15.38 -2.35 22.85 16.50 27.94 18.98 4.05 20.49 11.40 15.45 28.71 0.31 24.56 13.77 21.90 -235.53 21.78
16.28 -3.84 8.97 18.55 15.76 30.92 2.24 16.56 23.18 -141.41 26.32 14.85 15.86 24.16 -0.38 26.95 18.22 -2.04 16.76 13.48
16.57 11.46 -109.85 19.38 0.41 23.41 4.33 22.66 31.68 -3365.46 18.76 4.85 1.27 21.75 22.70 29.94 -3468.65 15.24 -245.22 21.68
0.94 15.96 15.82 -2.93 17.79 20.11 18.79 24.80 -120.64 22.39 20.38 17.53 21.53 3.48 3.71 34.45 26.98 18.19 -106.85 17.10
-102.58 29.29 -124.52 13.05 25.65 4.29 24.77 16.61 0.45 22.07 25.60 18.91 8.82 18.14 13.17 12.42 11.23 12.55 3.56 26.46
8.65 26.71 -882.33 17.21 19.03 -44.27 23.42 11.64 15.08 17.08 8.48 20.88 15.58 25.73 1.67 21.68 18.57 -78.75 -85.76 18.67
26.27 19.23 15.44 -92.35 24.65 19.17 13.55 13.63 15.50 24.08 23.94 26.69 15.32 28.77 5.02 32.00 25.62 -248.44 8.86 15.02
17.82 13.69 -381.31 -22.80 18.92 23.17 16.94 15.11 -4.25 20.04 13.11 11.59 -1.12 12.78 -524.49 15.83 -1224.21 -457.02 -167.97 22.34
-95.60 -76.18 12.28 18.02 14.30 1.40 16.44 17.57 16.95 -0.71 16.79 13.23 18.10 -715.01 12.06 -211.22 10.25 15.31 -81.49 15.76
-420.89 13.27 12.86 -369.37 -0.94 16.86 13.24 15.37 8.20 18.24 12.57 10.77 9.09 12.63 -0.60 -281.63 -1263.90 -1918.18 -627.44 23.61
-73.33 13.02 24.46 -293.32 -238.11 13.13 8.24 26.61 -2930.67 3.65 9.11 20.05 -1.71 -250.67 23.12 16.44 -204.17 -3048.62 -1.32 -237.24
15.42 -1.85 21.25 13.62 13.15 6.03 22.69 11.37 16.90 4.15 22.30 9.98 -11.07 8.92 -534.25 -1.61 9.74 13.50 -78.30 -13.90
10.24 3.60 12.17 15.69 21.34 17.60 21.21 15.93 14.11 23.35 20.14 26.01 15.52 19.44 17.27 7.89 20.43 15.66 -2.40 16.88
11.37 13.77 10.20 13.09 36.06 3.14 20.06 21.94 17.45 5.11 21.61 16.33 15.41 14.96 14.41 10.23 0.48 11.99 -129.49 18.27
15.98 -296.62 8.82 16.54 14.37 9.51 9.15 13.82 5.29 11.20 20.01 15.19 14.46 12.75 3.14 1.94 -344.42 -274.82 -250.80 15.22
14.68 -186.72 -23.07 10.58 14.13 20.67 13.47 12.28 -99.70 17.36 4.25 19.58 12.83 4.66 -0.19 14.88 10.52 -14.51 19.43 -318.65
-220.48 16.51 -54.76 11.41 -756.88 15.64 8.59 8.73 15.41 16.28 11.56 15.57 -332.93 18.71 3.19 18.87 11.11 10.56 4.13 15.18
10.56 19.87 12.97 -0.87 21.30 20.96 21.46 9.23 16.19 13.16 10.74 -0.94 15.09 -0.46 -403.10 17.40 4.39 -135.16 12.67 10.93
7.99 21.54 15.77 -1639.67 21.31 18.36 24.35 -2.02 20.81 24.74 23.43 8.72 -550.01 14.26 16.60 -6.72 -1183.04 31.08 19.34 6.99
19.45 -154.53 12.66 10.43 1.78 12.87 8.10 16.05 -3251.40 3.25 27.20 18.13 -3264.99 14.34 12.22 23.46 8.65 16.24 13.26 0.65
12.77 6.64 -45.75 4.85 18.51 13.92 -47.08 20.67 -156.60 18.62 17.60 -9.02 16.38 16.98 21.35 5.28 22.29 -73.98 -2.31 15.14
12.71 7.67 11.48 11.64 1.23 15.42 11.95 27.92 10.19 23.28 13.19 -2854.73 12.02 -1.48 2.07 24.94 17.37 9.07 -3019.27 6.82
25.58 22.09 13.63 23.67 22.43 24.25 21.90 25.56 14.49 21.92 31.79 -3.32 4.30 31.55 29.97 15.54 32.25 -8.01 1.00 -96.96
23.66 8.40 18.24 24.80 25.31 14.81 13.20 22.10 14.42 17.15 25.70 -123.52 18.60 -293.75 25.96 22.87 20.36 15.77 5.10 27.72
-322.59 -290.19 -3.60 17.15 22.32 18.16 1.07 9.22 17.08 17.16 7.47 19.94 12.48 -1.12 14.19 8.83 0.57 16.48 9.83 0.85
15.98 16.15 3.11 13.23 8.91 6.51 13.46 27.67 15.81 19.85 13.12 15.99 30.07 16.93 13.13 11.52 12.10 7.79 17.16 -0.46
4.58 13.40 16.70 -10.17 14.86 22.23 11.04 14.45 -239.94 5.60 25.12 1.46 20.12 -16.73 -110.99 2.87 -156.00 6.71 8.54 20.40
23.33 18.00 13.07 -2873.45 5.87 16.59 10.77 32.16 12.71 21.22 15.28 20.63 10.57 4.95 5.83 24.93 16.07 -3034.98 -3202.12 0.68
2.32 17.96 7.86 4.78 17.43 12.71 29.99 13.00 20.24 5.08 23.57 12.76 9.97 14.39 5.41 -403.47 -294.50 16.52 6.13 20.96
18.36 12.35 12.18 16.71 19.02 1.35 17.93 14.12 30.92 14.18 18.48 9.09 12.87 22.36 21.50 14.41 7.76 15.32 0.27 9.16
14.37 -3598.81 1.07 18.37 17.15 1.16 15.88 13.05 18.68 14.71 12.46 11.25 12.13 31.83 -69.95 29.11 7.03 20.71 -3582.11 21.59
8.99 -22.25 15.67 15.26 5.30 13.22 23.00 14.72 16.64 17.38 22.21 16.38 14.16 19.00 6.40 6.21 -124.17 9.02 -66.49 17.73
13.27 4.43 11.06 -274.47 -5.60 14.82 10.29 3.77 12.17 16.18 16.08 34.71 13.74 -615.02 -111.06 18.20 -32.83 -1.11 9.07 24.67
16.42 9.51 9.30 5.35 11.97 10.95 27.69 17.98 20.10 -286.20 19.61 15.46 16.19 20.48 19.42 3.87 27.97 16.71 -628.02 2.34
13.77 14.58 -245.88 18.16 -6.91 21.12 -271.00 15.95 -149.14 22.46 10.21 21.48 9.71 22.17 1.20 17.69 11.14 9.60 -644.87 15.53
12.28 7.59 -8.79 13.81 27.07 -0.35 16.93 14.44 1.22 23.52 21.50 14.85 15.55 19.00 6.28 25.37 10.89 14.10 -0.31 16.30
15.10 -247.09 -107.62 18.64 -2766.08 22.30 14.93 8.80 19.21 17.12 24.65 17.32 12.93 15.73 -2688.60 -0.08 -256.98 -146.28 19.33 18.03
19.18 16.39 13.08 11.87 16.75 13.69 8.46 19.70 16.90 13.12 17.72 14.72 12.85 8.57 -358.19 23.94 16.84 -547.71 -320.30 1.71
12.95 29.18 8.22 -750.28 16.04 8.56 5.93 17.91 13.47 23.42 20.11 7.09 16.16 11.19 17.60 2.59 18.37 -815.99 -120.96 20.19
9.92 7.06 -284.52 -0.27 -0.47 20.34 25.69 8.09 12.59 17.61 14.51 15.61 17.95 -6.42 23.18 9.69 17.01 2.45 14.42 10.18
13.71 9.32 -57.08 -287.50 22.43 18.81 10.43 -3.17 17.67 17.23 14.92 13.22 16.56 4.57 2.58 25.03 17.65 16.28 -648.86 6.98
25.95 9.03 25.54 15.98 4.96 17.79 11.81 16.62 19.21 19.35 15.32 10.76 -156.96 8.10 21.64 12.68 3.84 35.47 9.92 -37.94
-512.41 12.84 8.67 13.30 -210.91 15.96 11.97 12.09 3.06 8.34 22.62 12.18 1.26 19.21 2.19 23.05 25.73 -6.11 15.11 9.79
21.38 13.58 5.04 -101.36 -0.67 13.44 10.87 9.10 24.52 8.24 16.25 13.34 11.36 8.57 17.80 19.11 -3.49 -193.43 17.33 11.26
17.00 11.09 10.24 14.08 17.63 16.68 13.72 12.97 9.25 22.67 15.08 7.73 13.60 28.62 22.21 2.81 19.25 -5.40 16.56 16.01
11.24 -237.27 16.02 -181.44 22.55 18.67 30.39 20.74 15.25 20.72 19.93 14.07 10.78 19.88 6.71 22.87 13.45 13.70 -12.59 14.79
28.75 24.25 16.92 -200.60 19.75 14.05 9.09 16.94 14.97 12.85 6.60 15.27 20.62 11.67 17.92 13.63 19.19 13.39 -54.10 1.88
20.75 5.46 20.05 20.22 21.41 17.38 14.88 15.65 18.90 22.49 12.38 1.79 22.96 18.08 20.41 18.85 6.22 -119.91 24.44 15.19
16.81 22.51 -177.86 17.59 -5.59 14.53 7.31 -2574.52 2.10 12.78 12.91 6.72 40.49 -2640.71 22.90 2.85 19.10 -65.58 0.96 3.35
19.40 13.94 10.99 18.75 9.98 21.87 15.71 11.66 8.87 21.85 6.10 24.35 9.04 18.31 3.24 23.24 14.15 12.47 14.30 15.32
14.39 12.04 13.52 16.03 22.37 13.11 9.82 11.81 25.58 19.14 4.24 17.72 32.57 2.30 -114.51 12.61 24.27 13.42 19.25 22.49
7.77 6.07 -423.03 -18.17 13.65 18.36 12.49 11.53 -53.96 20.38 20.04 23.33 16.00 5.00 19.72 20.48 6.04 14.06 -4.24 20.63
16.74 -27.85 16.01 17.16 2.99 21.66 14.54 11.44 9.26 18.07 29.50 14.83 -2841.63 -19.94 3.11 26.85 11.38 12.71 -870.81 -2944.97
-89.29 -322.78 16.42 4.55 -116.04 23.59 12.80 13.11 21.89 16.26 5.22 14.99 -0.02 17.02 -652.58 24.91 4.82 15.29 -725.64 -327.43
12.22 4.15 6.07 -51.77 8.05 9.24 25.00 21.36 25.08 22.95 4.71 6.99 26.09 20.55 23.70 26.15 16.67 5.32 18.68 -2.00
13.73 17.20 15.86 12.42 22.36 12.55 25.32 2.24 19.68 17.62 13.39 5.66 17.51 17.68 13.58 13.07 5.65 16.12 -50.34 0.58
-4.92 21.19 -377.87 21.84 -261.73 19.83 15.67 17.19 16.12 -46.86 17.67 18.90 16.41 3.79 16.88 -0.43 11.93 15.25 -305.63 -435.76
-141.54 12.40 -411.60 -1209.05 19.79 20.34 22.26 17.99 -247.45 -1.05 27.81 17.70 1.68 14.14 34.77 5.11 5.41 -226.11 -8.17 14.02
17.00 10.79 11.92 21.37 19.73 17.96 21.08 13.65 20.06 12.80 25.40 19.15 13.44 1.14 7.28 26.80 21.96 9.00 12.84 7.99
1.37 16.85 -94.78 3.16 11.06 10.72 19.59 12.14 7.79 11.34 24.89 9.19 17.37 8.90 17.54 12.20 10.64 14.12 -9.52 16.57
26.79 18.74 -44.09 13.47 23.59 19.34 14.59 13.43 17.95 -1.48 22.56 16.05 26.58 12.70 21.57 19.79 -126.51 -68.39 9.55 -0.88
17.75 -236.53 12.71 22.90 4.15 22.99 17.44 3.31 18.25 17.52 9.88 22.41 30.22 19.64 8.40 18.36 14.56 5.13 16.06 13.22
1.82 15.78 -335.12 15.77 15.12 22.17 18.13 20.32 18.61 19.02 21.11 7.00 21.76 14.96 17.13 13.53 -113.17 10.52 21.37 20.78
12.18 17.37 14.07 13.14 11.74 18.12 12.59 10.32 25.87 23.24 16.26 12.75 14.62 10.16 12.90 22.34 6.94 19.00 -0.86 14.38
21.98 4.75 16.51 -75.59 16.69 2.54 15.93 16.03 14.52 0.67 18.84 13.18 29.53 13.83 4.64 25.83 16.96 -42.74 7.29 5.92
12.71 12.65 -561.21 14.78 11.57 19.61 12.74 -2.19 18.68 21.52 16.32 29.05 19.01 13.69 12.20 30.94 -49.82 14.97 -150.27 -10.74
10.91 5.89 19.84 -89.10 8.66 15.92 11.01 10.35 11.56 18.36 12.36 20.50 15.33 15.16 1.31 28.63 17.33 16.56 12.11 12.36
12.36 9.65 -45.16 -97.73 0.68 22.24 17.74 11.94 30.24 -5.58 20.54 8.67 19.94 -44.14 6.77 19.16 11.70 -300.00 -1.95 19.04
-451.62 27.62 12.54 20.24 16.47 0.31 14.93 21.94 8.17 0.85 25.75 19.63 -218.18 30.49 11.20 19.88 14.13 0.44 19.54 15.45
21.80 5.73 10.33 8.16 12.55 20.72 8.94 21.09 12.03 24.92 15.00 2.38 13.81 7.72 16.71 -193.77 17.75 -18.44 20.93 1.40
18.76 14.51 -773.31 11.69 15.93 14.31 5.99 15.39 20.09 19.29 13.95 19.65 0.02 19.22 18.55 14.90 5.83 -1155.44 2.97 -0.38
13.54 7.97 -147.11 14.99 21.01 12.61 10.64 12.92 17.35 38.27 18.13 11.77 -436.58 -229.55 1.12 30.03 1.22 23.06 4.55 17.97
18.62 2.58 16.74 17.14 20.86 14.69 15.16 13.67 5.71 22.59 24.89 12.06 16.78 10.85 23.41 8.20 5.28 -84.40 -114.74 11.23
14.71 -132.91 14.24 7.50 16.45 13.89 31.35 14.48 16.26 6.02 18.18 12.33 2.04 1.58 25.30 -61.58 22.03 3.01 9.93 0.20
14.21 11.10 -179.63 12.78 15.88 11.19 20.75 14.55 16.83 1.15 18.93 1.32 10.99 19.70 16.57 -347.10 -212.92 -207.97 18.93 4.86
21.78 14.52 9.66 19.53 6.37 25.25 18.46 16.52 6.76 25.24 24.85 20.24 -586.17 16.42 16.26 2.68 24.95 16.07 3.61 8.09
26.94 5.30 22.14 12.30 15.26 12.05 -5.05 14.70 14.42 21.27 19.28 11.63 9.57 19.15 -190.90 12.62 -189.74 13.43 17.96 20.93
14.19 9.80 10.82 31.51 16.31 15.72 9.95 12.96 19.52 -9.62 23.42 17.24 32.49 15.68 8.51 26.79 14.37 -1.06 -384.67 15.07
12.89 28.99 14.79 -143.24 17.33 11.59 24.87 12.52 16.90 17.49 18.76 0.49 18.40 20.73 -101.91 21.75 21.26 13.25 8.76 21.60
18.03 13.52 -88.40 6.26 20.22 10.59 22.22 13.20 15.02 15.53 8.95 3.48 9.45 20.52 -8.04 5.07 27.92 -344.26 17.37 6.55
11.09 11.96 11.73 12.99 10.48 0.81 12.04 -2944.78 -2957.14 3.66 28.09 23.50 -33.08 5.10 22.97 27.59 7.53 -3018.93 11.88 17.31
23.53 10.36 9.78 12.34 1.85 18.42 11.60 11.71 18.86 19.93 21.91 15.97 13.31 17.11 1.89 23.19 21.12 13.41 6.98 2.87
17.29 19.95 16.94 -6.45 18.88 14.90 21.79 14.53 18.32 11.00 22.81 16.09 16.33 21.54 24.39 5.21 -141.47 13.85 -44.18 9.84
14.71 -163.91 13.00 7.78 17.53 26.10 23.71 18.90 20.61 17.40 23.68 18.43 -528.52 1.93 25.38 16.33 18.08 18.36 10.59 -2.70
25.50 15.48 9.93 13.61 -177.73 19.38 10.88 25.10 18.69 16.69 20.53 13.74 9.35 21.50 5.06 25.66 15.29 -34.08 18.84 8.27
22.09 -14.01 15.20 28.97 -591.84 13.47 9.12 24.88 17.01 13.58 19.60 12.73 18.80 6.93 21.18 20.77 24.87 22.65 19.51 0.47
28.35 16.03 13.34 -1.72 15.90 12.85 17.76 12.30 12.52 -78.20 17.00 11.76 -180.65 17.01 -17.33 19.41 -177.92 -1164.83 12.06 3.33
17.50 3.14 -19.05 1.08 21.46 18.61 16.19 -3141.37 13.62 4.41 18.31 17.51 -3067.16 13.97 -115.52 18.44 -3.13 17.40 -162.61 -234.83
23.93 14.34 22.40 15.74 15.21 23.97 4.92 15.33 26.76 19.70 17.34 18.87 18.29 2.26 28.22 24.51 20.13 26.22 24.40 2.58
18.22 13.46 28.23 -209.60 23.80 21.33 25.52 -3213.42 20.02 14.19 29.01 22.64 10.11 23.50 1.14 26.45 18.14 -3274.14 1.46 24.55
4.85 20.62 13.81 17.70 14.37 9.55 3.48 14.75 -794.93 9.55 26.16 18.71 1.10 -673.65 14.38 -403.02 -67.56 -634.50 -3.57 12.90
12.42 -375.98 5.37 14.10 20.14 24.34 19.77 15.65 6.98 26.65 18.66 14.83 16.49 28.45 15.99 28.35 12.80 25.37 -4.62 23.40
-946.61 -501.50 17.96 17.36 19.79 2.55 25.60 20.68 18.00 10.12 19.62 16.68 13.52 13.37 12.01 8.09 -46.26 12.22 -28.12 12.30
-105.14 -366.94 -166.78 21.89 23.14 20.17 22.24 21.60 17.99 2.19 23.89 26.20 24.72 7.87 27.18 16.21 -65.14 26.06 0.54 19.15
13.52 8.65 14.58 12.14 21.61 14.16 25.18 10.80 19.13 10.13 21.36 12.44 40.71 7.42 20.47 24.88 8.55 19.97 19.23 15.81
30.96 6.61 18.77 9.48 17.78 15.89 16.43 13.00 20.26 18.01 20.03 25.30 21.23 9.63 -3713.41 27.27 19.22 -336.24 -166.17 7.21
12.21 15.56 10.04 20.20 17.06 -438.97 9.94 9.59 -313.72 18.81 28.22 17.94 24.12 6.00 30.53 12.13 27.79 16.23 18.35 16.72
22.99 16.25 10.78 15.53 11.80 17.36 16.51 11.76 18.52 21.62 21.15 23.49 16.61 5.21 6.40 30.23 25.08 -154.01 19.65 14.94
20.57 17.91 11.38 14.46 -410.35 14.71 15.31 6.49 20.17 20.16 15.38 7.84 14.39 -146.48 -1.63 21.98 -5.52 16.88 10.43 -128.29
12.17 8.24 10.45 -124.76 21.28 17.11 10.63 4.66 22.27 33.60 27.16 -8.41 16.79 21.97 14.23 24.20 14.47 -145.89 15.17 22.64
21.57 4.11 17.29 13.96 15.94 14.25 17.55 12.09 13.13 5.01 11.31 9.35 0.55 31.71 -393.85 -652.77 -1188.75 -156.26 26.62 5.66
15.42 -45.36 7.34 15.46 23.25 19.28 -724.33 11.40 21.07 17.35 15.89 34.40 2.02 19.81 15.54 23.02 15.19 -1006.95 -0.28 -2.47
15.38 18.39 9.92 11.74 -0.02 12.09 16.48 29.54 24.02 19.36 17.95 13.06 27.74 10.75 9.61 23.52 7.04 -68.36 8.11 19.76
27.16 19.71 15.56 17.10 2.31 26.01 21.29 13.15 24.96 25.51 16.34 25.37 9.50 23.57 9.08 26.80 30.04 10.73 23.57 22.91
26.88 16.24 11.43 20.86 20.95 20.42 18.45 20.16 16.72 17.08 17.74 8.23 0.57 21.51 23.27 -0.35 15.43 8.67 10.43 13.87
22.58 14.35 10.16 18.03 19.70 17.05 14.21 -4.03 14.77 24.71 24.29 22.38 16.17 18.99 21.18 14.38 16.86 11.88 -28.30 -5.06
18.46 -8.99 16.71 15.64 25.47 18.10 14.42 0.86 15.84 26.00 21.11 23.44 19.83 -2.02 17.81 23.67 18.09 20.93 13.25 22.06
15.23 11.17 28.16 18.68 10.65 20.32 10.64 13.41 25.30 21.49 14.42 20.17 12.03 29.25 19.86 17.39 9.55 18.32 -4.15 19.81
15.64 17.50 19.46 -2.38 19.68 27.92 20.24 -4.03 15.35 27.55 21.33 8.58 9.18 21.63 27.33 7.61 6.88 7.17 -27.07 -0.87
23.75 16.79 -13.19 14.87 14.88 25.37 22.46 16.39 15.30 6.49 20.05 16.22 18.85 28.00 2.09 26.41 10.82 17.24 19.31 9.72
18.16 -491.53 17.24 -226.29 20.93 18.05 13.41 -180.26 35.45 17.31 15.29 -113.84 18.87 19.67 20.61 4.96 18.06 12.73 19.34 19.30
22.27 20.87 -1.04 17.75 18.13 16.46 23.65 17.40 10.84 19.66 24.05 18.39 22.22 33.10 24.04 14.60 9.66 19.74 2.08 26.03
11.78 6.09 15.22 15.50 16.69 13.20 -44.58 14.11 16.37 27.36 20.90 16.94 7.41 -54.91 10.78 17.58 19.06 7.86 21.69 -176.13
-152.09 -114.56 13.09 19.57 -2.55 21.59 21.08 20.73 17.55 14.20 14.91 16.71 13.90 19.03 6.80 19.37 -135.36 9.68 2.90 -28.10
16.85 27.99 15.24 11.73 -3.89 16.13 12.80 7.19 17.00 22.73 17.95 6.09 19.72 1.78 27.81 -215.11 12.24 15.90 5.16 24.09
18.57 -345.50 -227.09 17.16 12.42 22.36 14.43 21.12 10.83 2.25 29.54 24.36 16.72 -31.19 1.81 20.78 10.25 -40.60 0.35 21.25
16.43 4.66 16.16 20.24 20.32 21.07 22.85 17.13 15.83 17.36 11.62 20.67 13.47 28.53 4.04 29.10 18.50 32.02 19.97 18.09
12.85 -188.38 18.02 17.93 19.63 19.64 11.90 8.15 14.41 25.56 21.50 15.80 2.13 18.34 10.51 21.18 20.19 -2.48 20.31 17.93
20.59 -811.51 14.74 -4.52 22.75 19.40 13.95 16.33 15.96 17.93 19.18 14.01 21.44 17.62 18.32 3.78 1.49 28.55 3.50 20.18
23.24 15.30 -162.65 3.07 20.13 19.72 18.52 8.38 16.99 12.92 22.10 3.76 22.98 11.75 24.86 -1.46 -41.14 14.45 -45.31 22.16
9.18 19.61 -4.15 18.62 20.76 18.12 16.54 24.15 18.61 16.34 13.63 8.91 11.83 26.66 1.97 19.85 19.73 18.76 14.91 19.76
13.90 17.06 13.15 14.55 15.97 17.08 13.25 9.43 19.30 26.37 23.27 15.90 16.09 12.87 27.90 22.82 16.08 21.80 18.92 18.50
21.84 19.38 -1.61 12.59 19.06 19.96 33.64 19.82 -114.13 19.72 20.65 20.29 19.88 18.98 18.27 20.21 14.59 18.72 16.16 -2.69
6.71 23.20 -3304.23 13.97 24.03 18.43 24.53 15.39 -3.20 21.80 25.07 -3183.00 25.95 15.14 19.74 17.85 20.08 -147.87 4.65 25.46
12.06 17.84 -2.48 8.54 18.79 10.59 -3126.38 9.38 18.52 18.45 15.07 12.37 -3122.92 15.39 2.28 16.69 11.05 18.75 -2.22 17.61
15.19 2.77 15.15 21.32 15.02 16.65 18.22 28.29 19.70 22.90 19.06 7.97 19.86 28.16 18.32 23.24 9.79 14.98 16.34 18.97
23.85 14.81 -3321.24 7.85 18.75 17.08 34.30 13.39 19.39 18.84 22.80 12.95 20.19 18.76 20.62 -3271.66 9.38 25.31 18.01 -1.10
7.95 5.02 20.64 16.31 18.61 16.16 12.08 17.42 17.60 32.36 19.37 11.80 17.90 18.53 9.22 26.02 20.03 -193.61 13.21 11.60
14.15 -141.77 17.91 13.94 28.66 20.45 13.66 18.95 -497.12 25.63 23.73 10.19 13.79 27.39 21.47 26.59 20.81 -560.80 10.09 28.85
31.97 17.03 16.42 6.61 23.01 16.92 28.52 17.25 19.11 25.17 29.16 31.05 20.60 17.86 -443.57 21.92 20.91 14.35 18.95 16.56
-134.06 20.08 -79.21 0.15 22.45 19.10 20.72 6.03 19.16 2.53 24.83 20.76 17.04 8.86 17.89 3.86 2.70 -802.22 15.81 18.81
20.56 11.10 18.40 13.46 13.49 24.05 14.08 19.91 15.89 15.64 19.53 14.96 12.62 11.52 5.33 22.39 3.06 10.59 16.45 -3.61
30.71 17.83 11.62 13.74 25.14 20.53 3.66 22.39 19.76 4.06 21.50 22.79 15.96 14.79 5.30 28.61 23.32 25.70 11.18 -1.90
14.65 6.91 -258.75 13.11 -3.15 21.38 14.49 29.44 17.42 16.50 9.99 17.18 14.21 15.51 22.60 2.88 7.19 25.22 17.28 7.93
16.70 2.77 13.85 22.69 14.74 9.72 7.43 11.79 16.12 21.03 22.82 17.39 16.68 18.70 11.08 24.26 18.77 20.54 13.67 23.36
10.71 4.75 11.76 21.41 16.00 13.13 21.38 20.35 17.27 18.63 21.97 21.13 11.72 23.21 -0.90 25.36 16.44 15.69 16.38 14.42
16.86 -324.41 21.57 15.00 -428.14 17.35 15.49 31.84 20.53 15.63 28.07 21.55 -13.71 24.43 -0.92 21.44 16.30 -3.85 -197.46 22.05
14.21 6.10 11.59 -378.06 13.36 -23.90 20.55 10.16 22.46 7.03 26.51 21.05 12.62 -363.88 1.73 3.36 -12.26 4.89 16.60 -447.10
11.92 16.38 13.15 16.45 22.45 20.67 28.21 20.10 24.52 15.39 30.15 3.38 18.00 24.72 20.27 26.56 14.20 16.71 16.88 16.29
17.74 -276.10 -0.08 15.28 18.35 23.54 38.18 29.89 16.95 25.42 25.05 5.78 20.06 12.97 15.95 6.06 19.90 -5.17 15.29 -575.34
17.85 18.22 22.84 16.09 -47.74 19.58 -409.84 20.55 22.23 21.08 20.50 9.64 7.94 3.94 -1.57 21.89 41.41 -524.67 -221.63 -0.77
22.93 8.42 16.66 -319.78 18.22 16.40 -22.38 -3408.41 16.72 -704.47 23.60 -3379.21 20.55 0.48 25.05 19.56 -2.23 12.39 -3468.58 -3468.13
19.57 7.63 16.77 13.67 13.43 -3122.85 11.61 24.53 13.46 25.58 20.62 8.26 19.80 10.73 17.02 12.49 -3153.23 -78.46 19.84 4.42
21.33 15.34 10.26 15.62 13.11 19.47 9.37 8.78 33.38 21.19 22.10 10.75 4.37 22.23 20.52 34.03 10.85 17.04 18.00 -126.68
15.27 16.31 10.38 14.56 13.66 21.78 26.58 16.64 16.41 18.98 15.32 12.80 17.68 18.32 10.60 22.14 14.42 18.14 3.62 19.24
26.63 18.89 12.04 25.66 22.53 23.24 27.07 25.51 8.83 25.34 29.41 28.45 25.89 26.53 19.29 28.35 17.19 -119.51 20.04 1.57
17.48 7.86 28.30 17.28 25.53 22.59 22.71 23.19 28.13 26.60 26.71 22.93 17.31 0.63 27.49 21.37 13.73 27.61 -3.32 21.07
15.24 9.20 13.04 -12.86 14.86 14.90 20.71 15.77 16.55 19.58 20.97 14.58 6.49 20.77 11.46 4.46 22.70 -23.46 -3.82 19.13
18.00 -159.83 13.57 9.86 22.52 20.28 16.63 15.60 16.53 19.54 17.70 11.23 21.97 7.21 24.00 19.35 13.83 17.95 -7.16 20.06
23.37 19.55 9.39 -56.60 17.55 14.60 10.50 13.83 16.76 17.16 18.60 16.26 -49.94 8.73 25.69 22.06 16.38 -496.55 16.89 -0.32
22.80 -60.94 1.02 18.58 16.40 2.11 17.20 11.85 0.67 19.38 14.77 -815.79 3.18 16.40 15.81 -1003.52 -395.15 15.45 0.71 24.25
15.38 5.27 12.22 15.79 14.19 24.57 16.27 15.69 25.72 20.13 16.94 17.42 3.51 22.64 20.85 30.63 7.98 18.58 9.23 19.32
18.93 -51.22 15.65 17.28 18.73 15.99 5.81 17.13 23.40 -1.96 30.70 16.99 22.60 16.41 14.67 11.33 -17.38 6.85 22.66 24.38
20.99 12.95 11.22 -1.86 19.18 18.95 20.09 -3335.58 16.23 15.68 2.01 15.17 17.94 -3303.57 -44.00 28.11 -143.13 9.68 8.63 24.91
20.88 15.53 17.13 -315.03 18.33 1.28 19.68 29.59 17.73 25.41 22.15 14.89 19.58 8.83 23.24 19.99 12.80 13.70 16.74 23.82
18.75 10.03 9.11 15.81 13.13 11.73 -1.94 11.80 29.29 19.71 18.32 26.01 12.34 20.22 8.98 25.06 19.45 20.17 19.00 0.22
10.87 6.65 -24.03 2.93 21.11 16.90 14.69 12.76 -42.02 16.80 13.69 27.44 12.31 0.40 26.65 23.86 1.87 -76.79 -395.13 19.48
20.54 11.42 -1.69 17.12 26.84 22.31 -160.36 12.18 16.63 16.26 14.82 21.42 13.34 24.03 23.71 3.59 22.13 14.15 -43.25 -247.76
12.35 7.27 11.81 16.41 17.69 0.87 20.57 18.70 16.47 26.10 19.70 -37.43 18.98 24.11 6.87 25.40 20.91 7.16 18.96 21.24
24.83 17.05 12.21 24.95 23.07 10.20 22.01 15.60 14.54 17.75 13.58 14.03 23.15 17.81 25.70 29.16 14.00 24.94 -236.21 -26.42
17.38 4.04 18.44 2.53 15.85 12.21 10.79 14.50 14.78 -48.52 24.90 21.43 16.54 -16.17 -435.12 26.65 21.06 11.39 20.62 16.42
21.77 12.54 5.50 21.02 19.47 14.69 8.79 9.79 13.24 17.93 14.25 9.27 7.17 -100.47 19.85 19.06 -142.21 13.44 10.95 6.48
24.47 15.39 22.44 13.78 26.17 29.32 21.86 23.53 18.47 19.95 26.59 19.65 26.81 21.62 26.86 21.61 17.32 16.63 14.96 1.19
28.12 18.03 15.83 -177.82 24.25 22.94 19.49 16.17 21.27 22.62 21.06 24.37 9.14 18.25 21.51 14.69 42.30 12.29 20.14 13.24
19.23 -474.10 13.23 -296.67 25.08 18.72 28.35 30.23 23.69 22.02 6.26 24.50 25.95 -24.82 20.68 8.79 16.74 13.08 -539.12 32.51
16.45 10.85 16.34 18.34 18.74 13.52 23.33 16.15 18.81 20.28 11.54 17.11 -0.14 20.43 16.24 -142.05 38.38 -291.81 15.07 24.12
13.74 16.44 6.21 16.27 23.34 22.60 14.17 15.45 18.37 20.32 24.89 17.28 6.70 20.25 20.24 13.22 9.45 17.44 2.86 21.91
17.02 -108.10 13.33 17.44 22.34 18.72 15.14 12.56 17.26 19.51 -0.11 20.68 26.31 14.19 21.50 23.49 14.73 14.54 8.19 19.97
12.09 9.81 25.63 15.89 18.09 19.05 22.87 22.36 20.88 14.45 34.03 23.64 -732.84 16.41 28.83 18.17 11.48 -661.47 6.42 24.27
18.31 10.54 15.54 14.54 17.11 1.09 16.24 8.21 15.19 27.51 19.73 16.68 16.85 19.23 23.45 9.43 24.16 8.08 16.46 22.44
26.41 17.32 13.93 15.81 22.68 26.07 14.67 13.42 15.88 13.42 17.32 12.38 9.80 26.82 19.32 15.06 24.77 15.70 23.12 -42.95
18.57 -201.74 -6.39 14.16 16.11 20.26 14.82 14.80 16.32 17.60 4.83 14.58 21.52 3.08 22.14 14.72 26.93 0.26 0.77 25.03
18.38 12.80 12.05 22.28 19.30 14.31 20.53 15.18 16.12 5.13 21.67 19.77 11.83 31.74 26.20 27.39 17.31 12.95 20.61 22.05
15.81 -135.60 -28.56 11.65 23.59 16.10 25.09 20.88 20.44 9.28 28.49 21.74 -83.73 20.25 20.10 0.27 16.87 13.67 -606.23 21.43
15.79 -206.35 -0.90 19.08 18.81 19.24 15.78 24.31 17.76 16.34 15.05 14.21 -0.13 21.43 22.01 21.26 22.44 -0.76 17.09 17.86
15.38 20.82 15.36 20.07 24.31 12.52 27.23 16.26 21.21 22.02 14.92 22.61 16.56 25.59 22.04 20.12 15.86 13.38 10.86 21.86
17.32 10.25 -664.50 14.96 -99.59 23.49 23.78 15.28 15.74 17.25 16.91 13.12 23.07 -80.26 24.63 22.16 26.33 7.30 26.60 25.70
15.72 -18.59 -3.38 18.10 23.34 17.86 22.35 32.44 11.11 1.50 26.73 19.32 19.36 -1.04 22.73 2.77 23.28 -30.03 10.45 21.77
14.07 10.01 12.75 12.66 12.99 15.31 5.89 16.97 27.59 20.80 15.60 22.23 18.31 19.62 20.22 19.08 13.73 21.10 19.79 22.10
17.90 9.04 15.32 7.21 17.80 13.27 27.88 19.93 22.98 23.95 17.94 27.19 13.29 16.07 11.78 20.34 -164.43 16.89 -229.26 24.43
-191.61 22.89 13.14 11.72 23.51 18.14 5.76 20.40 19.22 24.88 16.96 12.30 12.58 -3350.81 24.56 24.95 15.19 24.60 -3487.80 25.50
19.55 12.59 -6.44 17.74 16.83 17.91 16.29 18.86 3.38 19.77 20.04 16.04 13.88 19.54 8.68 23.53 -15.05 13.41 18.93 1.27
23.65 15.17 11.82 18.52 21.74 8.11 24.34 16.91 30.93 24.44 20.01 17.18 32.99 -0.58 28.09 29.09 22.03 18.64 17.92 -126.28
21.38 12.79 -0.70 19.09 19.94 15.39 26.31 18.39 1.85 22.47 25.50 24.57 12.43 17.41 13.61 20.76 10.13 22.40 -11.30 19.06
14.73 8.35 37.68 23.20 24.82 10.08 9.67 22.60 14.97 21.49 17.49 18.10 19.42 19.32 19.36 11.29 20.73 -323.51 10.66 23.44
20.00 17.83 15.66 16.47 -226.94 18.79 11.02 16.47 16.01 18.64 13.06 24.56 14.35 12.41 2.11 33.63 12.39 28.80 21.44 4.13
19.38 25.65 20.17 9.72 24.94 23.37 16.68 22.86 21.19 19.79 5.77 22.58 31.58 18.01 7.93 23.74 -126.01 11.28 15.29 27.67
15.82 10.04 25.86 10.65 26.88 24.06 15.35 -33.86 20.33 19.90 16.72 13.27 8.85 17.78 8.49 19.16 20.10 19.18 17.49 18.80
19.34 6.91 -502.99 15.35 21.04 23.85 30.89 13.71 24.16 22.44 -589.11 26.74 18.98 19.42 8.09 6.90 29.13 16.00 4.02 16.29
22.66 3.30 18.26 28.93 20.54 17.96 31.70 21.83 8.92 27.55 24.64 28.97 1.38 25.80 24.04 21.43 20.80 -146.49 25.56 12.05
28.73 20.15 -474.31 18.57 20.25 20.32 -435.43 21.98 17.33 25.05 26.70 28.75 14.95 27.26 24.80 32.13 26.12 19.55 -2.25 21.74
26.41 17.62 25.82 20.05 22.32 15.03 26.66 12.40 30.80 27.64 10.76 26.77 27.49 23.67 23.11 29.44 17.11 32.88 16.69 28.67
16.60 7.37 -170.09 16.79 18.48 19.49 22.35 16.84 -3.03 26.51 22.08 19.99 18.17 12.33 19.73 22.93 7.14 23.97 -65.09 17.90
20.90 15.62 14.55 10.43 22.20 20.37 21.99 13.14 22.52 14.92 14.31 33.87 15.41 21.00 21.42 16.65 17.13 5.96 19.28 19.08
23.62 11.41 -255.87 23.17 16.07 29.41 19.53 13.84 6.48 20.91 25.35 21.21 4.33 19.93 20.18 12.92 26.38 6.41 22.59 24.45
22.19 27.17 -434.49 12.17 22.57 15.06 26.30 18.82 14.63 23.77 21.36 16.06 14.31 26.89 23.68 9.89 -717.54 21.21 0.91 24.97
26.06 -193.80 10.28 19.61 18.44 15.80 31.18 -0.73 23.37 22.06 28.07 18.90 -4.04 19.25 18.62 14.78 9.75 21.50 4.55 30.43
23.47 16.04 8.07 7.87 23.46 15.25 -115.48 19.32 16.04 18.73 14.17 12.58 1.85 19.12 16.63 -30.64 18.81 10.22 20.06 -1.67
17.82 -261.94 17.81 16.37 22.41 19.90 13.43 10.20 5.46 23.67 16.76 29.67 11.94 19.39 17.02 14.83 12.61 22.83 23.14 22.16
22.18 15.64 11.95 18.11 19.30 13.75 13.27 16.03 23.00 19.63 7.32 19.00 9.13 4.57 24.81 24.82 23.87 9.81 9.85 28.87
20.56 26.73 -729.41 -47.23 26.24 27.96 29.96 27.91 22.24 22.23 23.36 21.28 25.18 14.28 29.44 21.49 1.06 18.13 15.41 24.40
14.83 18.81 -9.02 -2.22 25.44 25.45 19.18 26.44 7.25 28.06 26.05 22.17 25.08 2.84 28.85 22.58 24.68 19.49 -3.14 25.01
23.71 -420.20 12.07 20.32 21.32 21.92 29.70 22.87 21.35 20.53 28.66 28.41 10.99 28.35 26.25 20.95 21.93 23.87 4.59 27.82
32.29 19.01 21.69 17.23 21.58 23.27 16.44 20.84 8.00 30.55 24.79 32.23 19.62 22.98 27.41 30.73 21.59 18.88 2.07 31.84
2.26 20.01 27.14 9.43 22.82 24.20 19.01 14.75 18.36 21.10 10.00 23.78 19.01 13.69 22.14 7.16 21.14 -6.14 16.22 19.25
19.22 9.58 32.21 -162.69 25.12 24.15 18.34 15.62 21.67 20.50 4.00 16.76 29.36 10.90 5.08 25.55 23.90 -89.48 21.09 22.88
21.22 15.62 20.75 18.35 19.55 16.10 21.57 16.02 7.37 22.70 18.47 21.63 19.02 8.30 29.16 27.73 10.30 20.67 17.98 0.63
17.98 13.39 -3307.56 18.70 21.70 23.50 17.66 27.83 -147.62 26.05 19.20 27.21 17.88 40.48 7.28 22.32 -3168.34 12.66 19.49 24.20
17.69 12.59 26.94 17.58 18.62 13.84 9.39 17.76 14.35 27.51 26.14 10.71 27.33 20.83 -1.64 22.10 13.24 14.34 6.79 20.50
16.24 11.45 7.88 15.95 18.14 1.61 17.42 26.66 17.68 21.62 20.72 2.35 24.14 20.90 5.04 24.93 14.48 20.20 21.37 23.96
11.27 11.48 -3275.99 19.98 -116.92 23.92 8.02 21.49 -3157.11 19.89 14.72 22.95 15.30 16.69 12.56 21.65 8.82 25.91 7.25 19.22
17.24 8.96 -28.81 16.23 17.20 32.75 22.00 16.46 16.12 26.79 25.10 16.88 21.45 17.48 9.74 21.87 9.74 18.29 15.79 20.82
23.95 16.65 12.30 23.55 20.94 20.30 -252.97 14.40 23.20 34.67 27.83 4.53 0.64 24.56 29.89 21.60 12.01 -509.83 19.86 -0.79
16.64 24.09 -231.43 16.66 23.69 24.91 22.37 17.31 19.51 8.25 27.19 29.71 27.57 18.16 24.43 22.64 13.43 19.38 0.49 21.85
29.68 18.76 35.00 -133.13 23.82 25.24 9.42 30.04 23.04 23.32 -5.30 13.72 30.27 32.12 25.95 25.16 17.52 13.59 -1.61 35.06
22.68 31.47 27.99 24.77 28.19 24.76 17.65 30.45 18.31 33.59 30.34 22.46 30.97 27.48 24.30 25.65 -122.03 6.13 11.80 27.44
16.13 31.89 14.39 27.57 24.27 15.96 33.47 36.78 34.47 31.77 26.92 40.38 32.06 24.21 8.25 34.35 29.51 20.18 28.24 23.42
18.25 25.04 17.77 -76.59 17.94 16.40 12.28 18.65 21.10 23.53 13.99 25.76 18.26 0.79 24.45 18.56 25.56 17.17 1.48 23.55
18.33 30.19 28.05 14.50 13.15 22.75 30.15 23.52 16.39 26.91 25.57 18.66 18.48 22.26 21.24 27.30 15.14 -1.52 3.82 7.08
22.30 20.24 24.18 19.70 14.76 28.15 26.50 30.00 21.24 35.70 27.10 30.66 28.78 9.87 11.84 36.25 17.47 40.09 29.12 27.47
26.69 27.20 24.40 26.99 25.78 26.56 -23.12 26.84 26.61 28.24 1.90 30.34 23.79 28.86 12.12 31.90 1.18 -106.08 0.50 31.50
