-243.42 -114.48 -250.44 -22.87 -173.67 -104.38 -87.40 -216.31
-281.55 -171.58 -4.12 -105.39 -64.99 -161.52 -189.65 -270.57
-171.34 -52.14 0.98 -16.20 -181.63 -180.59 1.03 -162.53
-29.03 -272.64 0.94 1.17 -37.90 -135.56 -318.71 -49.01
-115.24 0.66 1.12 -147.55 -77.28 -10.07 1.02 -211.31
-32.06 -89.00 1.04 -281.61 -100.81 -62.24 -278.59 0.88
-285.64 0.68 -93.05 -306.72 -28.83 0.71 -299.72 -280.63
-5.93 0.81 -68.28 -11.85 -54.89 -41.97 -112.04 -15.01
-235.14 1.10 1.04 0.88 -171.59 0.99 -29.22 -88.00
1.11 -18.32 -186.36 -23.85 -38.10 1.05 -0.98 -32.03
-37.91 -13.14 -28.08 1.04 -41.92 1.05 -33.94 -18.01
-46.03 -118.21 -21.04 -70.01 0.17 -58.99 -93.14 -42.06
-48.04 0.97 -63.10 -10.00 -73.22 0.09 0.81 -9.02
-79.22 1.00 -245.43 1.07 -256.51 -5.89 -24.99 -196.30
1.02 1.01 -129.08 -40.03 -33.96 1.03 1.04 1.14
-138.17 1.06 0.97 0.99 -31.85 -49.04 -1.08 0.99
1.07 -32.15 -92.16 -79.88 0.18 -54.38 1.06 0.95
-69.96 1.08 1.15 0.87 -41.07 -18.15 1.04 1.06
0.91 1.03 -50.09 1.20 1.15 1.06 0.76 -35.05
-32.86 1.03 -63.40 -79.18 -89.46 0.94 1.22 -6.06
-40.07 0.89 -19.14 -38.31 -29.96 -65.35 -1.79 1.01
-59.19 -53.14 1.05 1.06 0.89 1.09 1.05 1.19
1.05 1.09 1.03 1.10 1.09 1.15 -57.12 1.11
1.13 1.13 -53.36 1.16 -8.98 1.05 -94.89 1.10
1.20 1.00 5.17 1.05 0.98 1.04 1.15 1.11
1.11 1.07 1.15 1.00 -48.92 1.17 1.10 1.04
1.11 1.06 1.00 -167.60 0.88 -33.03 1.14 1.05
-42.05 1.15 -56.97 1.03 1.03 1.09 1.13 1.02
0.99 1.14 1.14 1.11 1.07 -1.98 1.04 1.21
1.06 1.10 1.04 1.08 1.11 1.15 -33.92 -2.03
1.17 1.15 1.01 0.99 0.89 1.14 1.12 1.10
1.10 1.09 1.01 1.00 1.03 1.13 -6.95 1.10
1.11 1.12 1.11 1.00 -34.93 1.14 -13.86 1.10
1.09 1.15 1.11 1.05 1.00 1.12 1.15 1.13
0.95 1.12 1.12 1.05 1.01 1.09 3.15 1.12
1.00 1.13 1.13 0.96 1.08 1.15 1.11 1.04
0.99 1.11 1.14 1.11 1.05 1.12 1.12 1.04
1.04 1.12 1.14 1.03 0.96 1.12 1.12 1.01
0.97 1.06 -73.25 1.09 1.03 1.11 1.14 1.04
1.02 1.12 1.04 0.95 0.98 1.08 1.02 0.96
0.97 1.03 1.06 1.01 0.95 1.10 1.09 1.06
1.04 1.09 1.09 1.10 0.98 1.08 1.04 0.97
1.01 1.13 1.06 1.01 0.98 1.08 1.07 0.98
1.06 1.11 1.09 1.00 0.97 1.09 1.12 1.05
1.02 1.12 1.09 1.05 0.98 1.08 1.12 1.02
1.04 1.05 1.10 1.01 0.96 1.02 1.04 0.97
1.01 1.12 1.12 1.02 0.95 1.10 1.12 1.06
1.05 1.14 1.05 0.97 0.96 1.03 1.08 1.04
1.01 1.11 1.11 1.01 1.00 1.05 1.07 1.00
1.02 1.07 1.11 1.01 1.01 1.12 1.09 1.03
1.02 1.07 1.12 1.03 1.02 1.08 1.09 1.04
0.99 1.09 1.06 1.03 1.02 1.05 -19.86 1.04
1.03 1.09 1.07 1.03 1.02 1.07 1.08 1.05
1.03 1.09 1.05 1.01 1.00 1.04 1.07 1.04
1.03 1.08 1.07 1.04 1.01 1.05 1.08 1.05
1.03 1.06 1.08 -20.01 0.98 1.11 1.14 1.03
1.03 1.07 1.06 0.96 1.02 1.07 1.06 1.02
1.03 1.08 1.06 1.03 1.02 1.07 1.13 1.07
1.04 1.08 1.07 1.03 1.01 1.06 1.07 1.04
1.04 1.08 1.07 1.02 1.02 1.06 1.07 1.04
1.03 1.09 1.05 1.01 1.02 1.07 1.07 1.03
1.04 1.07 1.06 1.01 1.02 1.07 1.07 1.03
1.03 1.08 1.06 1.02 1.02 1.07 1.09 1.04
1.04 1.09 1.07 1.02 1.02 1.06 1.08 1.04
1.04 1.09 1.06 1.02 1.02 1.06 1.09 1.04
1.04 1.08 1.07 1.04 1.02 1.07 1.08 1.03
1.05 1.08 1.07 1.04 1.02 1.06 1.07 1.02
1.03 1.07 1.06 1.02 1.04 1.06 1.07 1.04
1.03 1.08 1.07 1.04 1.03 1.07 1.07 1.03
1.03 1.07 1.07 1.03 1.02 1.07 1.07 1.03
1.03 1.07 1.06 1.01 1.02 1.04 1.08 1.04
1.04 1.08 1.07 1.03 1.02 1.07 1.08 1.04
1.02 1.07 1.06 1.03 1.02 1.06 1.07 1.03
1.03 1.08 1.06 1.03 1.03 1.07 1.09 1.03
1.03 1.08 1.07 1.03 1.03 1.07 1.08 1.04
1.03 1.08 1.07 1.03 1.02 1.06 1.08 1.03
1.02 1.07 1.06 1.02 1.00 1.04 1.08 1.03
1.03 1.08 1.07 1.03 1.02 1.05 1.08 1.04
1.04 1.08 1.07 1.03 1.03 1.07 1.08 1.03
1.03 1.08 1.07 1.03 1.02 1.06 1.07 1.03
1.02 1.08 1.07 1.03 1.03 1.07 1.08 1.04
1.02 1.08 1.07 1.03 1.02 1.07 1.08 1.03
1.02 1.08 1.07 1.02 1.02 1.05 1.08 1.04
1.01 1.08 1.06 1.02 1.00 1.05 1.10 1.09
1.02 1.08 1.07 -21.99 1.03 1.07 1.08 1.03
1.04 1.08 1.06 1.03 1.02 1.06 1.08 1.03
1.02 1.08 1.06 1.03 1.01 1.07 1.08 1.04
1.03 1.08 1.06 1.04 1.03 1.07 1.08 1.03
1.03 1.07 1.06 1.01 1.03 1.08 1.07 1.03
-379.94 -377.93 -359.90 0.53 -369.91 0.51 -370.91 0.45
-373.92 -387.97 0.41 -353.88 -365.90 -379.94 -380.94 -369.90
-372.91 -350.82 -363.92 -364.91 -323.78 -367.90 -371.92 -367.91
-379.92 -314.66 -62.43 -121.48 -342.77 0.53 -307.66 -324.70
-171.48 -131.35 -106.65 0.58 -142.41 -252.83 -223.77 -183.57
-5.92 -228.83 -201.82 0.45 0.79 -222.83 -214.82 -34.27
