-54.47 -37.84 -33.22 -49.02 -40.89
-269.85 -55.99 -19.97 -293.98 -48.63
-43.13 -4.97 6.52 -60.03 -50.11
-33.11 -4.53 -24.50 -40.02 -59.43
1.66 -5.39 -54.02 26.56 -42.84
-8.99 -22.54 -40.08 -22.80 -26.11
13.34 10.85 -50.66 -48.53 -11.62
-29.10 21.98 -11.26 -32.44 -28.23
5.46 -7.00 -22.22 10.44 34.17
-9.98 -37.40 4.95 -3.62 -6.11
16.46 17.70 -40.72 -24.33 28.86
-30.45 -39.85 -8.46 22.19 -17.29
12.68 28.72 -34.56 -44.26 -5.02
-34.03 -44.61 -27.50 -13.87 15.24
-35.78 6.79 24.50 -10.47 -18.57
5.91 -38.83 -21.48 -23.13 -7.47
-2.20 29.08 -13.14 -21.72 -4.08
-6.31 -13.43 20.53 -19.60 -23.71
-37.13 -40.70 -40.56 23.60 -1.67
-41.10 -27.43 -326.63 -395.90 -19.64
6.77 -528.93 9.56 -975.58 7.34
-1375.32 -23.20 -28.13 -10.66 -1164.29
-33.01 15.81 -39.50 16.09 -25.10
21.49 -35.26 -2.88 -23.01 -1.75
-34.12 21.39 11.28 13.36 -18.25
-39.62 -30.61 -24.06 9.35 10.31
-45.45 -17.41 33.35 -18.96 -40.33
-7.38 -0.41 -0.36 -21.17 -0.31
-24.35 6.53 -2.15 -39.22 -40.50
-14.29 -4.35 -20.13 11.05 22.67
7.60 -40.30 19.11 -34.33 -39.44
-30.75 5.68 -8.93 13.74 3.91
1.93 21.50 -7.45 -13.70 -20.56
-31.59 25.21 9.04 -2.02 7.08
22.78 -25.27 1.95 -32.89 -3.36
-4.13 8.71 -35.59 6.43 -19.21
-40.59 1.67 13.36 -29.68 19.23
-259.03 -24.73 -34.55 -25.69 -292.87
-289.83 -15.93 -341.02 -19.16 -14.96
-11.02 -6.93 11.10 -11.00 4.16
-15.61 -220.73 -260.13 -0.12 -9.09
-158.52 -204.30 -2.88 -24.03 -30.07
-22.96 -16.93 -31.35 -223.80 -17.25
0.27 1.85 7.97 -15.82 -348.59
-13.07 -16.66 -17.75 -1.25 -25.41
-7.50 3.69 -4.61 -40.62 3.94
-553.29 -33.12 -262.18 -897.01 -19.07
-15.55 -218.65 13.52 -369.60 1.48
10.39 -6.77 -9.37 -20.43 -10.55
-7.46 -13.11 -33.09 -30.30 -32.00
-37.93 3.09 25.12 9.77 1.17
19.18 -13.20 -17.00 -25.37 8.62
-18.66 7.85 -6.07 16.89 -10.64
11.94 -9.01 -24.54 -17.29 30.73
-10.13 -19.26 -1.63 -19.71 -36.74
-29.58 -8.79 -20.48 7.46 4.36
33.10 19.47 23.26 -15.93 11.10
-16.29 -43.64 -19.05 -24.04 -36.60
0.13 -1.70 18.75 -4.12 6.97
-17.76 -39.96 -22.83 -1.40 -0.77
-6.73 12.12 -10.97 -22.57 12.21
8.02 -351.78 25.58 -276.73 -20.21
-10.79 17.63 -20.01 -5.25 -1.19
9.71 -270.06 -0.78 -50.70 2.72
1.48 10.60 -4.64 -1.50 -20.08
-2.12 -19.36 5.22 -12.42 -5.57
-2.22 6.76 -15.82 2.79 4.72
-6.98 -0.55 -19.32 -20.88 5.90
-10.62 11.96 -8.01 6.03 -10.89
-18.70 -8.80 -5.53 -8.24 -3.83
4.32 -0.43 -1.37 -14.79 -3.82
-9.08 -7.87 1.21 -8.41 0.25
1.74 7.21 -18.30 -2.01 7.64
-9.48 -1.61 1.07 0.86 4.12
-2.45 -6.17 10.14 1.46 -12.77
-5.07 -11.97 -6.45 17.10 -14.01
-13.85 -13.39 0.61 -8.21 -2.30
6.60 -7.93 -6.11 5.08 3.17
5.47 -1644.71 -1667.38 -2.43 -4.59
3.71 79.46 -561.74 -839.84 -10.66
-180.58 -64.13 -186.80 -173.37 -7.74
-667.29 -46.43 -81.99 -651.78 -1360.76
1.10 -670.15 -824.05 -6.92 -834.73
-15.01 -4673.79 -3771.33 6.45 -9.46
-19.47 -13.25 -329.24 -383.20 54.20
-0.75 -704.71 -7.20 -6.47 -566.40
-5.37 0.55 0.31 -6.23 -9.04
2.02 -8.74 -5.38 -3.98 -3.71
-184.57 -474.69 -21.70 -11.17 -525.02
-439.09 -622.72 -1.03 -3.57 -4.57
-6.58 -2.36 -2.73 9.91 -1.36
-450.14 -13.26 6.84 -9.57 -367.10
-7.03 4.02 5.54 0.63 -5.47
-4369.44 -4.44 -1.37 -3.74 -4372.36
-331.27 -6.63 -8.27 1.93 -300.85
-930.77 -7.01 7.91 -4.20 -945.80
-605.89 7.59 -4.06 -5.17 -497.51
-1506.94 -0.09 -770.76 -10.11 -109.67
-527.15 -376.85 -441.61 -741.60 -498.09
-11.27 -2780.87 -171.37 -2856.59 -2.68
-234.30 -79.12 0.12 -953.89 -484.52
-9.50 -1989.94 -4.26 -1542.44 -393.46
-1660.63 -74.47 0.68 -200.08 -1738.99
-822.84 -526.95 -14.51 -773.57 -204.00
-5017.11 -0.23 -11.39 -4.22 -5004.98
-6000.00 -45.30 10.70 -809.66 -6000.00
-7.16 -90.67 -23.02 -6.25 -14.21
-18.57 0.40 -11.54 -15.49 -4.74
-11.84 -107.62 -0.83 1.50 -0.67
-4.02 -8.90 -8.43 0.42 -20.35
3.40 -5667.34 2.32 -5703.11 1.27
4.38 -2.17 -18.02 -128.56 -211.62
-8.22 -11.47 -3.53 -737.97 -654.50
-3149.25 -3101.68 -0.28 -1048.71 -536.22
14.26 5.40 -3.52 -27.93 -3.95
-9.07 -6.50 -9.10 -15.19 -37.92
5.48 3.15 -1.00 0.18 -7.79
-10.58 -8.45 -5.65 2.95 -2.54
-20.10 -6.05 -3.39 11.97 6.55
-7.81 -5.82 -7.33 -9.99 12.70
-5.14 2.11 8.99 14.28 2.12
-3.29 3.45 8.98 2.40 -7.69
-5.52 0.64 -22.08 8.13 -4.50
-17.75 -0.51 -420.70 -14.90 -465.33
-11.78 -11.81 -8.88 -16.84 -7.09
0.63 -7.57 -3.28 -5.55 0.18
8.36 -1.54 -4.74 -8.40 -13.92
11.02 3.95 0.65 -179.62 -590.42
-7.10 -2.06 8.69 -1.75 0.88
4.31 2.77 -12.60 -520.99 -415.52
1.11 -11.68 9.31 -1.47 11.38
-8.69 -0.90 -14.54 -262.32 -356.44
-14.15 -10.84 11.06 -9.65 -19.29
0.12 -6.12 -5.07 -9.49 -1.82
8.28 -5.56 -1.25 1.92 -9.50
2.80 8.55 3.92 -0.45 4.00
-329.79 -6.21 -15.02 -271.59 0.87
-37.35 5.23 -10.07 -4.87 -5.16
-9.11 2.00 0.69 -2.82 -8.44
-8.13 1.96 -9.74 1.30 -1.61
-5.37 -316.39 1.69 -299.95 -6.68
1.47 -639.96 -10.06 -407.25 0.52
-3.16 -241.27 -8.07 -8.72 -252.83
-13.89 -6.16 5.02 -12.91 1.69
-5.47 -1.16 -3706.16 -8.17 -3762.50
-30.84 -16.02 -13.19 -12.76 9.75
-9.10 -243.00 14.69 -14.36 -71.63
-296.53 8.44 2.69 -290.41 3.54
-5523.14 -29.38 -5577.68 -44.08 -17.61
-15.27 10.81 -16.98 10.68 19.62
-32.60 -23.60 -12.98 -44.67 14.84
16.80 13.05 -10.07 19.54 -19.82
13.53 -35.74 19.99 -204.26 -208.13
-1.08 23.37 4.82 -21.14 -7.36
-5.23 -41.52 -9.40 43.56 -34.67
0.89 27.06 -11.55 -28.05 -6.02
-136.62 -154.72 -0.40 17.31 -1.27
-15.29 27.85 -22.83 -10.07 12.38
-29.99 -36.54 -1226.30 -330.17 -1520.50
8.75 26.97 25.03 5.67 15.34
-37.55 -32.02 -1.12 7.97 7.29
16.11 12.72 -167.93 -82.30 -9.32
-27.98 -11.62 15.43 14.51 -13.76
15.09 3.42 -43.18 -5.68 3.75
-28.70 -2.49 -21.95 5.09 -10.71
-6.19 -14.00 25.55 -41.76 -2.49
22.40 3.94 -19.70 30.86 -18.83
12.94 -135.48 -313.92 -83.84 -494.22
4.67 -11.85 8.41 12.18 -0.93
-88.19 -68.37 4.04 -46.03 -20.32
1.20 -16.86 -0.62 17.79 14.60
8.77 22.39 -33.96 13.37 -21.07
-0.36 -12.93 -17.65 -248.47 -261.71
-95.05 -259.18 -4339.62 -13.82 -4331.25
-24.31 -18.59 -17.19 6.01 -24.07
-138.72 -435.23 12.31 3.22 10.24
-2.11 -2.61 -5.66 -26.91 -3.45
-22.57 0.23 13.03 5.72 -28.37
-40.15 -15.75 -80.59 -763.01 -710.90
30.68 1.93 25.82 6.65 -17.67
-13.20 -19.60 -22.43 -18.40 6.85
-0.45 -255.81 -10.34 -2.02 -600.51
7.41 -22.85 0.60 -114.11 -38.80
-18.73 -529.71 6.58 -2.40 -359.42
-682.88 4.94 1.58 2.63 -862.60
0.87 -8.75 -20.31 -10.99 -15.70
-12.34 -6.29 0.52 5.65 4.64
