0.00 0.00 0.00 0.00 0.00
0.00 0.00 0.00 0.00 0.00
-2235.10 -2338.70 -2540.63 -1173.86 -2733.17
-2162.97 -1082.38 -2525.56 -700.42 -2657.16
-2100.69 -1807.74 -2630.31 -1282.90 -714.01
-1898.50 -696.84 -2779.99 -1161.41 -2731.65
-847.56 -2107.58 -2465.19 -2054.97 -2581.03
-2015.98 -1350.32 -2415.75 -741.14 -1477.80
-2363.97 -886.07 -1502.27 -1002.07 -2503.88
-1628.13 -2214.45 -2689.83 -1162.09 -2686.99
-345.15 -786.62 -2779.52 -1059.16 -483.99
-1641.76 -776.34 -2522.66 -1338.60 -740.71
-2500.40 -2187.93 -2764.98 -1132.29 -2488.80
-215.97 -1016.17 -1207.77 -1632.33 -2776.91
-403.35 -375.99 -2505.12 -1405.37 -218.17
-6.72 7.95 -2507.33 -1185.15 -2777.27
-0.93 13.41 -2582.22 -1520.45 -2701.48
-1933.60 -894.75 -167.02 -1316.31 -442.10
1.39 13.53 -2463.70 -1411.44 -2699.63
-701.09 -1445.78 -2492.92 -1871.07 -1082.60
-2156.90 -590.62 -2704.89 -2100.47 -1106.29
-168.84 -955.62 -2521.25 -1157.19 -566.33
-706.23 -307.95 -2554.37 -1544.28 -913.90
-1952.23 -1845.71 -910.08 -12.40 -1464.79
-160.66 -615.06 -1125.81 -1895.84 -2671.80
-2097.71 -1977.69 -2309.75 -1930.28 -1447.66
-2097.71 -1977.69 -2309.75 -1930.28 -1447.66
-6.46 -190.91 -2507.32 -988.40 -1301.37
-296.57 -314.62 -2464.52 -968.13 -843.64
-154.97 -502.87 -2539.59 -1365.59 0.99
-1464.56 -2096.55 -635.26 -2068.65 -1068.06
-1842.11 -1887.53 -2795.81 -2044.24 -347.53
-715.29 -777.55 -103.24 -1048.25 -604.07
-892.59 -1418.88 -2581.53 -1581.31 -402.54
-892.59 -1418.88 -2581.53 -1581.31 -402.54
-13.34 -563.41 -183.65 4.32 -1264.05
-507.27 8.81 -2583.96 -1568.95 -915.46
-373.50 -165.62 -626.15 -998.28 -456.00
-373.50 -165.62 -626.15 -998.28 -456.00
-968.32 11.42 -1436.69 -706.86 -646.69
-216.15 -393.11 -2554.02 -917.30 -31.08
-165.85 -583.48 -1110.52 -1483.11 -327.31
8.68 -493.95 -2493.68 -1492.59 -1123.57
-1108.67 -2080.47 -2566.27 -2053.69 -174.48
-2211.12 -1986.25 -430.55 -958.23 -2232.55
-337.47 -1141.04 -2538.70 -1360.24 -763.53
-793.42 -349.45 -571.20 -1055.77 -15.42
-1183.23 -609.11 -2450.67 -651.30 -367.88
-4.91 4.95 -7.20 -774.36 -333.94
-1748.35 -1931.64 -1358.66 -2066.27 -1815.50
-1385.81 -185.73 -437.12 -1648.96 -23.24
-1200.30 -1917.97 -1949.32 -1874.82 -123.78
-1.24 -14.75 -2688.98 -9.99 -5.43
-632.54 -11.30 -1507.69 -2.39 -1174.25
-1767.34 -2002.54 11.54 -1841.94 -14.10
-1896.37 -1991.36 4.55 -1979.56 -845.52
-1038.28 -107.51 -178.04 -962.39 -314.65
-899.33 -73.24 -331.80 -349.79 -609.19
-1183.39 -2034.21 -1131.35 -2054.83 -541.84
-607.29 6.08 -11.72 -818.87 -112.63
-1919.64 -1932.50 4.27 -1904.74 -556.67
-1671.40 -441.33 -997.07 -810.24 -202.10
-2067.59 -1915.73 -1.92 -1985.11 -2070.61
-608.96 -499.51 -1228.36 -436.39 -455.36
-505.23 -40.11 -498.21 1.03 -707.91
-1422.92 -1944.94 14.00 -1986.42 -3.35
3.26 -298.26 9.53 -589.49 6.19
-1613.12 2.82 -2.65 -1759.65 -1491.96
-488.52 -1525.53 -1694.45 -330.28 -2.10
-546.84 -244.36 -765.74 -852.51 -1.20
-4.45 -2113.20 -1557.87 -2082.76 -923.37
-534.91 -629.21 -501.40 -510.56 -1248.44
-540.60 -358.04 -508.17 2.16 -872.86
-1017.88 -1044.40 -1183.92 -1190.08 -281.17
-262.26 -435.69 -571.92 -4.27 16.75
-609.49 -437.91 -99.66 -287.75 -5.51
-1028.88 -130.83 -3.41 -1188.43 -498.30
-1127.09 -903.28 -405.77 -1468.12 -1494.10
-1127.09 -903.28 -405.77 -1468.12 -1494.10
-1237.40 -166.44 -301.15 -1400.84 -11.71
-393.37 -1147.01 -937.88 2.96 7.24
-682.53 -461.19 -598.01 -251.62 -1202.45
-1830.57 -8.96 -256.57 -912.92 -1035.14
-1495.54 1.20 -16.42 -530.58 -865.70
-471.39 -386.83 -12.90 -271.24 5.09
-298.85 -2.45 -7.47 -1.38 -183.82
-416.54 -713.91 -672.17 -74.21 -296.47
-253.78 -1059.99 -954.57 -363.99 -8.60
-3.58 -2036.77 -11.35 -1996.34 -195.62
-856.28 2.94 -11.56 -839.73 -689.27
-1942.80 -1971.97 2.13 -1897.64 -1913.12
-113.98 -4.94 -14.02 -0.63 -377.38
-70.08 -90.54 -60.00 -845.35 -9.16
-442.11 -437.10 -2390.46 -633.03 6.08
-576.33 -328.09 -833.44 -729.33 -234.44
-13.62 0.26 -1.00 -236.07 7.41
-686.97 -4.45 -160.07 -427.64 -28.32
-38.35 9.22 -4.94 -7.37 -198.21
-326.32 -184.79 -467.39 -246.50 -569.92
-618.90 -14.43 4.66 0.78 -1065.32
-276.67 -4.75 -9.53 -1309.50 -1436.41
-1.78 -2.13 -19.85 -13.44 -157.53
-972.31 -88.03 -308.01 -537.48 -225.64
-327.08 4.40 -0.22 -198.02 -249.49
-433.55 3.48 -18.47 -496.27 -506.17
-586.17 -263.70 -337.86 -462.56 -25.64
-102.69 -353.88 -349.23 -542.76 -3.46
6.43 0.96 3.78 -6.93 -4.09
-1284.69 -390.36 -482.45 -823.70 -1302.28
-499.49 -15.58 6.49 -0.30 -1356.82
-346.25 0.66 27.03 -930.65 -401.78
-13.93 -742.79 -784.06 -129.86 2.04
-43.48 3.61 -12.06 -7.51 -96.95
-753.86 -7.14 58.30 2.66 -1086.69
-1725.21 3.03 -2.52 -1568.69 -281.43
-3.42 -24.01 11.72 -2.37 -150.88
-106.71 -4.55 0.76 -235.98 -12.59
-373.63 -15.42 7.81 -1.75 13.92
