0.00 0.00 0.00 0.00 0.00
0.00 0.00 0.00 0.00 0.00
-40.64 -55.35 -26.80 -58.19 -51.32
-57.52 -53.93 -40.87 -23.61 5.96
-14.48 -56.14 -7.49 -55.49 -37.48
19.76 -12.08 27.52 -44.48 26.04
-41.73 12.67 -8.80 -42.99 -45.85
-49.86 3.75 -20.90 -53.55 -32.19
-39.66 -8.76 30.72 26.19 -30.89
-26.43 -50.13 -209.57 -195.32 -58.87
-62.04 -41.88 -43.92 -58.10 -37.16
18.17 27.48 -64.10 -35.84 -25.78
31.48 -44.98 -37.63 -23.47 11.68
-35.99 -13.93 -0.42 -59.11 -50.92
-7.07 -52.79 -50.05 -26.13 -26.38
-3.53 -8.09 -41.90 11.12 -15.04
-27.34 -22.06 -3.44 7.23 -19.40
-19.14 -28.96 14.49 -13.13 13.80
-32.25 22.75 -22.32 2.61 -16.97
-1.84 -22.86 9.39 -41.52 -32.97
-11.32 -48.16 -8.00 -61.99 0.20
-22.83 -34.93 -22.27 -5.39 -35.71
-12.13 -60.33 -68.15 -5.86 -33.40
-7.27 -49.88 -25.44 20.54 8.38
-30.09 21.78 -0.98 -6.79 -14.46
-42.37 3.14 -56.17 7.64 0.78
2.11 12.60 -44.05 3.19 -9.80
24.56 -6.62 15.87 -18.80 -2.04
-15.48 -58.34 18.89 -30.66 -33.36
13.14 -54.28 -47.81 -34.30 -32.50
-26.75 -13.10 22.31 -7.13 1.47
-8.01 -5.24 27.89 20.06 -19.52
-18.50 34.82 36.52 -2.35 -16.86
-11.02 -35.90 -6.39 -31.48 -12.93
4.23 -4.15 -48.84 2.78 -20.20
-3.86 10.17 13.06 -50.75 20.40
1.05 -22.45 -18.00 -24.92 -0.95
3.61 -42.54 -13.38 21.61 -29.08
-37.88 -41.34 29.21 -5.32 -16.43
2.57 21.67 -38.57 -12.35 32.66
2.87 -36.39 -3.35 -20.70 -13.28
-50.46 -6.09 -49.25 3.72 -28.83
-7.93 -47.27 -10.17 -7.39 -45.67
-20.26 -39.25 21.35 23.08 -10.53
-6.69 4.74 -39.67 -0.31 -2.00
-21.23 6.53 27.62 -19.48 -27.60
7.82 -45.15 21.93 -48.56 -58.25
-46.46 10.41 -8.43 -58.58 7.15
-0.94 23.04 -46.65 -54.45 2.06
-59.48 -39.52 -35.84 -6.91 -4.90
-20.03 -63.20 -62.15 25.69 -39.82
-38.77 -16.66 -63.20 -36.04 19.68
-58.50 -19.58 28.25 -29.88 26.69
-1.11 2.26 -27.65 -0.04 -30.57
-1.49 -6.54 -2.00 -35.78 14.80
-13.00 -9.04 -45.66 7.80 32.51
-24.08 -9.57 -15.36 -9.38 -12.52
-31.12 -15.73 -17.29 -13.90 -14.23
-21.61 -1569.18 -1949.38 -17.60 -2926.35
-17.67 -5149.45 -39.94 -0.49 -5287.05
-48.62 -3.89 -11.74 -221.53 -250.19
-6.95 -3.56 -8.53 -16.51 6.12
21.29 -14.24 -13.74 -11.04 -7.53
-45.36 0.71 -13.68 -13.69 -37.99
-33.76 -79.03 13.69 -255.92 23.85
6.64 -5.33 -45.51 -1136.02 -850.18
-51.83 -14.21 -7.12 -1142.15 -1229.60
-16.48 -19.46 -23.30 -3975.44 -5999.91
13.82 -11.20 10.37 -6000.00 -6000.00
-11.02 -906.00 -899.79 -1067.90 -1076.98
-20.70 -15.90 -639.36 -10.46 -646.99
